4726	0.2000 0.2000 0.2000 0.2000 0.2000 1040.2979 1480.2514 1875.8979 2314.2597 2858.2618 0.2000 0.2000 0.2000 0.2000 0.2000 
4727	0.2000 0.2000 0.2000 0.2000 0.2000 823.8115 1212.5208 1579.7556 2050.6278 2643.4354 0.2000 0.2000 0.2000 0.2000 0.2000 
4728	0.2000 0.2000 0.2000 0.2000 0.2000 1393.2642 1905.9358 2261.5632 2628.5538 3160.2299 0.2000 0.2000 0.2000 0.2000 0.2000 
4878	0.3333 0.3333 0.3333 0.0000 0.0000 175.9663 196.0813 319.8898 0.0000 0.0000 0.3333 0.3333 0.3333 0.0000 0.0000 
4886	0.2000 0.2000 0.2000 0.2000 0.2000 1920.1628 2382.6486 2775.6823 3220.7201 3897.1493 0.2000 0.2000 0.2000 0.2000 0.2000 
4887	0.2000 0.2000 0.2000 0.2000 0.2000 2033.2461 2745.3529 3201.1744 3821.2507 4718.7016 0.2000 0.2000 0.2000 0.2000 0.2000 
4888	0.2000 0.2000 0.2000 0.2000 0.2000 2170.4829 3054.8657 3777.9039 4469.5368 5125.2450 0.2000 0.2000 0.2000 0.2000 0.2000 
4889	0.2000 0.2000 0.2000 0.2000 0.2000 1484.4198 2373.5040 3138.5949 3887.8965 4560.7042 0.2000 0.2000 0.2000 0.2000 0.2000 
4890	0.2000 0.2000 0.2000 0.2000 0.2000 1340.0378 1945.3021 2439.4253 2987.7722 3831.6062 0.2000 0.2000 0.2000 0.2000 0.2000 
4891	0.2000 0.2000 0.2000 0.2000 0.2000 2620.6069 3561.0979 4131.8507 4535.1156 4931.5949 0.2000 0.2000 0.2000 0.2000 0.2000 
5033	0.2000 0.2000 0.2000 0.2000 0.2000 417.1462 802.0306 984.5080 1142.3288 1521.3021 0.2000 0.2000 0.2000 0.2000 0.2000 
5034	0.2000 0.2000 0.2000 0.2000 0.2000 626.9587 878.2382 1049.7479 1232.4941 1489.1771 0.2000 0.2000 0.2000 0.2000 0.2000 
5035	0.2000 0.2000 0.2000 0.2000 0.2000 589.5955 812.9927 978.1406 1144.2167 1386.3816 0.2000 0.2000 0.2000 0.2000 0.2000 
5036	0.2000 0.2000 0.2000 0.2000 0.2000 433.3257 652.3896 841.5312 1021.8941 1283.9597 0.2000 0.2000 0.2000 0.2000 0.2000 
5037	0.2000 0.2000 0.2000 0.2000 0.2000 382.5455 532.0132 657.8309 811.7628 1204.6285 0.2000 0.2000 0.2000 0.2000 0.2000 
5038	0.2000 0.2000 0.2000 0.2000 0.2000 324.9017 488.8278 629.8990 790.9760 1128.8215 0.2000 0.2000 0.2000 0.2000 0.2000 
5047	0.2000 0.2000 0.2000 0.2000 0.2000 3873.9501 4660.5367 5000.2289 5281.6756 5705.9274 0.2000 0.2000 0.2000 0.2000 0.2000 
5048	0.2000 0.2000 0.2000 0.2000 0.2000 4450.0355 5020.2340 5260.0117 5465.1334 5721.5717 0.2000 0.2000 0.2000 0.2000 0.2000 
5049	0.2000 0.2000 0.2000 0.2000 0.2000 4027.9722 4504.0812 4835.2267 5209.8276 5643.0169 0.2000 0.2000 0.2000 0.2000 0.2000 
5050	0.2000 0.2000 0.2000 0.2000 0.2000 2514.4875 3188.8010 3652.5649 4063.9958 4587.3757 0.2000 0.2000 0.2000 0.2000 0.2000 
5051	0.2000 0.2000 0.2000 0.2000 0.2000 4111.5233 4607.8492 4868.1796 5094.4138 5405.1387 0.2000 0.2000 0.2000 0.2000 0.2000 
5052	0.2000 0.2000 0.2000 0.2000 0.2000 4647.1594 5123.1650 5406.8974 5653.4585 5943.2687 0.2000 0.2000 0.2000 0.2000 0.2000 
5053	0.2000 0.2000 0.2000 0.2000 0.2000 5166.9497 5534.6244 5746.8968 5953.0176 6258.9941 0.2000 0.2000 0.2000 0.2000 0.2000 
5054	0.2000 0.2000 0.2000 0.2000 0.2000 4323.8642 4793.6052 5039.2413 5238.8236 5661.1650 0.2000 0.2000 0.2000 0.2000 0.2000 
5193	0.2000 0.2000 0.2000 0.2000 0.2000 1022.5896 1235.7549 1401.7615 1570.4976 1889.9233 0.2000 0.2000 0.2000 0.2000 0.2000 
5194	0.2000 0.2000 0.2000 0.2000 0.2000 877.8156 1201.0365 1437.9087 1712.5316 2142.9556 0.2000 0.2000 0.2000 0.2000 0.2000 
5195	0.2000 0.2000 0.2000 0.2000 0.2000 813.5736 1072.6378 1308.6174 1547.2424 1941.4941 0.2000 0.2000 0.2000 0.2000 0.2000 
5196	0.2000 0.2000 0.2000 0.2000 0.2000 762.3882 923.0569 1079.6580 1273.9236 1664.7736 0.2000 0.2000 0.2000 0.2000 0.2000 
5207	0.2000 0.2000 0.2000 0.2000 0.2000 5095.3143 5329.6077 5533.6909 5801.8838 6099.3242 0.2000 0.2000 0.2000 0.2000 0.2000 
5208	0.2000 0.2000 0.2000 0.2000 0.2000 5104.6111 5458.0550 5661.8545 5830.9444 5995.5868 0.2000 0.2000 0.2000 0.2000 0.2000 
5209	0.2000 0.2000 0.2000 0.2000 0.2000 4718.2152 5029.5231 5242.9069 5510.1977 5861.6079 0.2000 0.2000 0.2000 0.2000 0.2000 
5210	0.2000 0.2000 0.2000 0.2000 0.2000 3824.1490 4285.7904 4623.8558 4941.0146 5365.2706 0.2000 0.2000 0.2000 0.2000 0.2000 
5211	0.2000 0.2000 0.2000 0.2000 0.2000 4587.8645 4901.9365 5092.2304 5302.3733 5744.8453 0.2000 0.2000 0.2000 0.2000 0.2000 
5212	0.2000 0.2000 0.2000 0.2000 0.2000 4348.3910 4641.2014 4972.3444 5317.9080 5760.5767 0.2000 0.2000 0.2000 0.2000 0.2000 
5213	0.2000 0.2000 0.2000 0.2000 0.2000 4383.4769 4476.9903 4728.8791 5079.3824 5750.2231 0.2000 0.2000 0.2000 0.2000 0.2000 
5214	0.2000 0.2000 0.2000 0.2000 0.2000 4490.6538 4684.5247 4862.6847 5072.4212 5393.2729 0.2000 0.2000 0.2000 0.2000 0.2000 
5215	0.2000 0.2000 0.2000 0.2000 0.2000 4756.8927 4931.2983 5050.6066 5195.3528 5576.4769 0.2000 0.2000 0.2000 0.2000 0.2000 
5216	0.2000 0.2000 0.2000 0.2000 0.2000 4812.0802 4952.2524 5055.3705 5195.2878 5433.2778 0.2000 0.2000 0.2000 0.2000 0.2000 
5352	0.2000 0.2000 0.2000 0.2000 0.2000 1456.4813 1974.4288 2327.9156 2703.9580 3232.8101 0.2000 0.2000 0.2000 0.2000 0.2000 
5353	0.2000 0.2000 0.2000 0.2000 0.2000 1456.3111 1883.1410 2206.1931 2596.2781 3150.8587 0.2000 0.2000 0.2000 0.2000 0.2000 
5354	0.2000 0.2000 0.2000 0.2000 0.2000 1512.0448 1975.0944 2276.0566 2559.3847 2940.5021 0.2000 0.2000 0.2000 0.2000 0.2000 
5355	0.2000 0.2000 0.2000 0.2000 0.2000 1112.7510 1548.5104 1933.8635 2340.5306 3005.5500 0.2000 0.2000 0.2000 0.2000 0.2000 
5356	0.2000 0.2000 0.2000 0.2000 0.2000 1168.3012 1550.4376 2054.6167 2848.9057 4249.2102 0.2000 0.2000 0.2000 0.2000 0.2000 
5363	0.2000 0.2000 0.2000 0.2000 0.2000 4479.9322 5122.5644 5371.9903 5594.9935 5838.0965 0.2000 0.2000 0.2000 0.2000 0.2000 
5364	0.2000 0.2000 0.2000 0.2000 0.2000 4770.4687 5152.5853 5334.2977 5544.4992 5830.6091 0.2000 0.2000 0.2000 0.2000 0.2000 
5365	0.2000 0.2000 0.2000 0.2000 0.2000 4450.0546 4791.9409 5023.7016 5270.8048 5674.9248 0.2000 0.2000 0.2000 0.2000 0.2000 
5366	0.2000 0.2000 0.2000 0.2000 0.2000 5000.7025 5390.9948 5569.1515 5766.5468 6060.8678 0.2000 0.2000 0.2000 0.2000 0.2000 
5367	0.2000 0.2000 0.2000 0.2000 0.2000 4526.6646 4762.1587 4985.1326 5241.4937 5669.7517 0.2000 0.2000 0.2000 0.2000 0.2000 
5368	0.2000 0.2000 0.2000 0.2000 0.2000 4426.4267 4671.8639 4836.5240 4999.7934 5286.0278 0.2000 0.2000 0.2000 0.2000 0.2000 
5369	0.2000 0.2000 0.2000 0.2000 0.2000 4233.4431 4591.1924 4839.0885 5106.9042 5470.0344 0.2000 0.2000 0.2000 0.2000 0.2000 
5370	0.2000 0.2000 0.2000 0.2000 0.2000 4085.1417 4532.8781 4883.7010 5147.2910 5430.6083 0.2000 0.2000 0.2000 0.2000 0.2000 
5371	0.2000 0.2000 0.2000 0.2000 0.2000 4178.3694 4407.7583 4759.9729 5228.5938 5672.3642 0.2000 0.2000 0.2000 0.2000 0.2000 
5372	0.2000 0.2000 0.2000 0.2000 0.2000 4192.0757 4221.3458 4400.4490 4687.1951 5065.9441 0.2000 0.2000 0.2000 0.2000 0.2000 
5373	0.2000 0.2000 0.2000 0.2000 0.2000 4388.1365 4450.3288 4568.4688 4712.3160 4943.3156 0.2000 0.2000 0.2000 0.2000 0.2000 
5374	0.5000 0.5000 0.0000 0.0000 0.0000 4434.1290 4565.7063 0.0000 0.0000 0.0000 0.5000 0.5000 0.0000 0.0000 0.0000 
5375	0.2000 0.2000 0.2000 0.2000 0.2000 4564.8809 4639.7653 4742.7969 4888.9611 5123.9566 0.2000 0.2000 0.2000 0.2000 0.2000 
5376	0.2000 0.2000 0.2000 0.2000 0.2000 4783.6538 4926.5083 5045.9410 5188.6253 5438.5278 0.2000 0.2000 0.2000 0.2000 0.2000 
5510	0.2000 0.2000 0.2000 0.2000 0.2000 1054.6389 1341.0660 1555.5076 1815.6997 2301.0090 0.2000 0.2000 0.2000 0.2000 0.2000 
5513	0.2000 0.2000 0.2000 0.2000 0.2000 3153.8160 3591.7717 3948.9044 4377.5229 5168.4660 0.2000 0.2000 0.2000 0.2000 0.2000 
5514	0.2000 0.2000 0.2000 0.2000 0.2000 2199.5601 2857.4431 3490.4477 4504.6380 5478.8412 0.2000 0.2000 0.2000 0.2000 0.2000 
5515	0.2000 0.2000 0.2000 0.2000 0.2000 2253.5819 2905.7071 3428.0512 4036.6775 5158.1956 0.2000 0.2000 0.2000 0.2000 0.2000 
5516	0.2000 0.2000 0.2000 0.2000 0.2000 3949.4109 4602.4244 5013.6827 5383.0786 5995.5847 0.2000 0.2000 0.2000 0.2000 0.2000 
5522	0.2000 0.2000 0.2000 0.2000 0.2000 4186.9654 4638.9574 4982.6600 5312.8344 5684.5085 0.2000 0.2000 0.2000 0.2000 0.2000 
5523	0.2000 0.2000 0.2000 0.2000 0.2000 4672.0055 4789.6859 4979.0665 5252.2418 5604.3404 0.2000 0.2000 0.2000 0.2000 0.2000 
5524	0.2500 0.2500 0.2500 0.2500 0.0000 4665.0997 4782.0267 5060.4544 5355.4600 0.0000 0.2500 0.2500 0.2500 0.2500 0.0000 
5525	0.2000 0.2000 0.2000 0.2000 0.2000 4697.1069 4868.6667 4990.8302 5086.9167 5288.5413 0.2000 0.2000 0.2000 0.2000 0.2000 
5526	0.2000 0.2000 0.2000 0.2000 0.2000 4388.4062 4576.0424 4832.6236 5101.7799 5393.7142 0.2000 0.2000 0.2000 0.2000 0.2000 
5527	0.2000 0.2000 0.2000 0.2000 0.2000 4329.2253 4378.1441 4468.4361 4653.9097 5047.7733 0.2000 0.2000 0.2000 0.2000 0.2000 
5528	0.2000 0.2000 0.2000 0.2000 0.2000 4336.4906 4497.6066 4660.3160 4871.2035 5151.5399 0.2000 0.2000 0.2000 0.2000 0.2000 
5529	0.2000 0.2000 0.2000 0.2000 0.2000 4321.0903 4434.8438 4559.9014 4735.1653 5067.5073 0.2000 0.2000 0.2000 0.2000 0.2000 
5530	0.2000 0.2000 0.2000 0.2000 0.2000 4201.3521 4409.0757 4724.8816 5111.9382 5579.9760 0.2000 0.2000 0.2000 0.2000 0.2000 
5531	0.2000 0.2000 0.2000 0.2000 0.2000 4182.4330 4407.0510 4732.0497 5086.0163 5503.2670 0.2000 0.2000 0.2000 0.2000 0.2000 
5532	0.2000 0.2000 0.2000 0.2000 0.2000 4214.3483 4318.4167 4475.7250 4694.4490 5221.1097 0.2000 0.2000 0.2000 0.2000 0.2000 
5533	0.2000 0.2000 0.2000 0.2000 0.2000 4382.2535 4613.8441 4852.3316 5189.3757 5531.0986 0.2000 0.2000 0.2000 0.2000 0.2000 
5534	0.2000 0.2000 0.2000 0.2000 0.2000 4673.1566 5000.1670 5304.7986 5496.4906 5681.1903 0.2000 0.2000 0.2000 0.2000 0.2000 
5535	0.2000 0.2000 0.2000 0.2000 0.2000 4720.6135 4861.9302 5019.0993 5209.3566 5498.4163 0.2000 0.2000 0.2000 0.2000 0.2000 
5669	0.2000 0.2000 0.2000 0.2000 0.2000 1446.2146 1915.9566 2235.2507 2630.6840 3478.8448 0.2000 0.2000 0.2000 0.2000 0.2000 
5670	0.2000 0.2000 0.2000 0.2000 0.2000 1313.1913 1838.5726 2263.2194 2725.1215 3608.3549 0.2000 0.2000 0.2000 0.2000 0.2000 
5671	0.2000 0.2000 0.2000 0.2000 0.2000 2015.2528 2728.5094 3210.9764 3766.7906 4634.2063 0.2000 0.2000 0.2000 0.2000 0.2000 
5672	0.2000 0.2000 0.2000 0.2000 0.2000 2645.1396 3288.7056 3757.8240 4219.5597 4708.0653 0.2000 0.2000 0.2000 0.2000 0.2000 
5673	0.2000 0.2000 0.2000 0.2000 0.2000 3482.5224 4302.7570 4759.7059 5097.1369 5605.3672 0.2000 0.2000 0.2000 0.2000 0.2000 
5674	0.2000 0.2000 0.2000 0.2000 0.2000 4019.6828 4697.5823 5103.6977 5378.7345 5777.9288 0.2000 0.2000 0.2000 0.2000 0.2000 
5675	0.2000 0.2000 0.2000 0.2000 0.2000 3576.5296 4617.8692 5187.2463 5499.9207 5834.2372 0.2000 0.2000 0.2000 0.2000 0.2000 
5676	0.2000 0.2000 0.2000 0.2000 0.2000 3198.7364 3658.8691 4061.6252 4626.9545 5483.0851 0.2000 0.2000 0.2000 0.2000 0.2000 
5677	0.2000 0.2000 0.2000 0.2000 0.2000 4711.7430 5172.1194 5422.9119 5663.6598 6019.5521 0.2000 0.2000 0.2000 0.2000 0.2000 
5682	0.2000 0.2000 0.2000 0.2000 0.2000 4233.6993 4608.6649 4874.0674 5117.4354 5450.1878 0.2000 0.2000 0.2000 0.2000 0.2000 
5683	0.2000 0.2000 0.2000 0.2000 0.2000 4579.9642 4580.2219 4621.6955 4826.8378 5313.5292 0.2000 0.2000 0.2000 0.2000 0.2000 
5684	0.2000 0.2000 0.2000 0.2000 0.2000 4659.1278 4791.6392 5077.4913 5417.4618 5665.3899 0.2000 0.2000 0.2000 0.2000 0.2000 
5685	0.2000 0.2000 0.2000 0.2000 0.2000 4676.9351 4876.8625 5057.8851 5280.8462 5601.9590 0.2000 0.2000 0.2000 0.2000 0.2000 
5686	0.2000 0.2000 0.2000 0.2000 0.2000 4382.2021 4445.4097 4563.7156 4739.6389 5168.7007 0.2000 0.2000 0.2000 0.2000 0.2000 
5687	0.2000 0.2000 0.2000 0.2000 0.2000 4676.2247 5090.4604 5235.9500 5363.6503 5519.5642 0.2000 0.2000 0.2000 0.2000 0.2000 
5688	0.2000 0.2000 0.2000 0.2000 0.2000 4686.9851 4915.8497 5074.4580 5216.6910 5408.8969 0.2000 0.2000 0.2000 0.2000 0.2000 
5689	0.2000 0.2000 0.2000 0.2000 0.2000 4753.2514 5008.6764 5189.4361 5323.0677 5500.3486 0.2000 0.2000 0.2000 0.2000 0.2000 
5690	0.2000 0.2000 0.2000 0.2000 0.2000 4911.6997 5163.8677 5297.0892 5441.3170 5677.1826 0.2000 0.2000 0.2000 0.2000 0.2000 
5691	0.2000 0.2000 0.2000 0.2000 0.2000 4530.9424 4901.3132 5271.6212 5536.7378 5793.0424 0.2000 0.2000 0.2000 0.2000 0.2000 
5692	0.2000 0.2000 0.2000 0.2000 0.2000 4367.9642 4577.2344 4729.5295 4893.0740 5201.9781 0.2000 0.2000 0.2000 0.2000 0.2000 
5829	0.2000 0.2000 0.2000 0.2000 0.2000 2588.7146 3081.9740 3438.4920 3816.3993 4277.1597 0.2000 0.2000 0.2000 0.2000 0.2000 
5830	0.2000 0.2000 0.2000 0.2000 0.2000 2839.0396 3276.5205 3578.9524 3894.2646 4362.2854 0.2000 0.2000 0.2000 0.2000 0.2000 
5831	0.2000 0.2000 0.2000 0.2000 0.2000 2592.1424 3309.1799 3853.0813 4438.6975 5087.9691 0.2000 0.2000 0.2000 0.2000 0.2000 
5832	0.2000 0.2000 0.2000 0.2000 0.2000 2985.2174 3828.6922 4273.0939 4679.7850 5256.2965 0.2000 0.2000 0.2000 0.2000 0.2000 
5833	0.2000 0.2000 0.2000 0.2000 0.2000 4265.8865 4638.0024 4873.4872 5074.1122 5351.3094 0.2000 0.2000 0.2000 0.2000 0.2000 
5834	0.2000 0.2000 0.2000 0.2000 0.2000 4564.6517 4920.5559 5141.0656 5321.1247 5530.4403 0.2000 0.2000 0.2000 0.2000 0.2000 
5835	0.2000 0.2000 0.2000 0.2000 0.2000 5221.5424 5475.1365 5603.5997 5730.6767 5916.3774 0.2000 0.2000 0.2000 0.2000 0.2000 
5836	0.2000 0.2000 0.2000 0.2000 0.2000 3561.0455 3907.5774 4331.2576 5309.6080 5849.9986 0.2000 0.2000 0.2000 0.2000 0.2000 
5837	0.2000 0.2000 0.2000 0.2000 0.2000 4073.7163 4578.1715 5045.3681 5322.5340 5615.3736 0.2000 0.2000 0.2000 0.2000 0.2000 
5838	0.2000 0.2000 0.2000 0.2000 0.2000 4693.0462 4866.1299 5008.2910 5203.0962 5501.7927 0.2000 0.2000 0.2000 0.2000 0.2000 
5843	0.2000 0.2000 0.2000 0.2000 0.2000 4544.7063 4732.8243 4840.5264 4969.1413 5223.8146 0.2000 0.2000 0.2000 0.2000 0.2000 
5844	0.2000 0.2000 0.2000 0.2000 0.2000 4481.5576 4655.8872 4801.6719 4951.8326 5182.2684 0.2000 0.2000 0.2000 0.2000 0.2000 
5845	0.2000 0.2000 0.2000 0.2000 0.2000 4569.2188 4893.7542 5118.0983 5315.7844 5543.1132 0.2000 0.2000 0.2000 0.2000 0.2000 
5846	0.2000 0.2000 0.2000 0.2000 0.2000 4558.0813 4901.2997 5166.9569 5370.1542 5625.6097 0.2000 0.2000 0.2000 0.2000 0.2000 
5847	0.2000 0.2000 0.2000 0.2000 0.2000 4312.6983 4700.0219 4986.8872 5167.8451 5425.2111 0.2000 0.2000 0.2000 0.2000 0.2000 
5991	0.2000 0.2000 0.2000 0.2000 0.2000 4183.9100 4633.8581 4950.9414 5257.5944 5683.3483 0.2000 0.2000 0.2000 0.2000 0.2000 
5992	0.2000 0.2000 0.2000 0.2000 0.2000 3927.3753 4486.5703 4783.0637 5051.6055 5457.2308 0.2000 0.2000 0.2000 0.2000 0.2000 
5993	0.2000 0.2000 0.2000 0.2000 0.2000 4108.2542 4484.1045 4739.8139 4951.8236 5199.2569 0.2000 0.2000 0.2000 0.2000 0.2000 
5996	0.2000 0.2000 0.2000 0.2000 0.2000 4516.4906 4747.3174 5316.8969 5671.1833 5940.1073 0.2000 0.2000 0.2000 0.2000 0.2000 
5997	0.2000 0.2000 0.2000 0.2000 0.2000 4596.4694 4741.6795 4837.8931 4961.2153 5229.6309 0.2000 0.2000 0.2000 0.2000 0.2000 
6622	0.2000 0.2000 0.2000 0.2000 0.2000 3984.8038 4544.6844 4829.1493 5132.3375 5591.8562 0.2000 0.2000 0.2000 0.2000 0.2000 
6623	0.2000 0.2000 0.2000 0.2000 0.2000 3994.7024 4709.6764 5060.6299 5322.8097 5615.3313 0.2000 0.2000 0.2000 0.2000 0.2000 
6626	0.2000 0.2000 0.2000 0.2000 0.2000 5122.2138 5461.9636 5620.9293 5773.3000 6061.1071 0.2000 0.2000 0.2000 0.2000 0.2000 
6627	0.2000 0.2000 0.2000 0.2000 0.2000 4672.0729 4918.4024 5062.5608 5187.5108 5376.1080 0.2000 0.2000 0.2000 0.2000 0.2000 
6628	0.2000 0.2000 0.2000 0.2000 0.2000 4986.5899 5228.2205 5380.7972 5537.5288 5754.1917 0.2000 0.2000 0.2000 0.2000 0.2000 
6629	0.2000 0.2000 0.2000 0.2000 0.2000 5021.9439 5183.5886 5261.3661 5417.4068 5776.2260 0.2000 0.2000 0.2000 0.2000 0.2000 
6781	0.2000 0.2000 0.2000 0.2000 0.2000 4207.0281 4720.4474 5043.6839 5324.6582 5725.7297 0.2000 0.2000 0.2000 0.2000 0.2000 
6782	0.2000 0.2000 0.2000 0.2000 0.2000 4833.2875 4986.4608 5167.0667 5365.7115 5651.4417 0.2000 0.2000 0.2000 0.2000 0.2000 
6783	0.2000 0.2000 0.2000 0.2000 0.2000 4651.1083 4783.5604 4934.0590 5182.6274 5489.6698 0.2000 0.2000 0.2000 0.2000 0.2000 
6784	0.2000 0.2000 0.2000 0.2000 0.2000 4505.4733 4631.1587 4703.6208 4811.4872 5008.6510 0.2000 0.2000 0.2000 0.2000 0.2000 
6785	0.2000 0.2000 0.2000 0.2000 0.2000 4419.3302 4572.0878 4635.1267 4743.8038 4977.6351 0.2000 0.2000 0.2000 0.2000 0.2000 
6786	0.2000 0.2000 0.2000 0.2000 0.2000 4576.3132 4585.0000 4607.1601 4755.1118 5204.0806 0.2000 0.2000 0.2000 0.2000 0.2000 
6787	0.3333 0.3333 0.3333 0.0000 0.0000 4605.3242 4708.4165 4836.4277 0.0000 0.0000 0.3333 0.3333 0.3333 0.0000 0.0000 
6788	0.2000 0.2000 0.2000 0.2000 0.2000 4768.7111 4856.8847 4998.4455 5298.3771 5634.4833 0.2000 0.2000 0.2000 0.2000 0.2000 
6789	0.2000 0.2000 0.2000 0.2000 0.2000 4791.8128 4868.3625 5158.7483 5499.7729 5714.7090 0.2000 0.2000 0.2000 0.2000 0.2000 
6790	0.2000 0.2000 0.2000 0.2000 0.2000 4927.1549 5121.2597 5251.2778 5428.3184 5710.3486 0.2000 0.2000 0.2000 0.2000 0.2000 
6939	0.2000 0.2000 0.2000 0.2000 0.2000 4526.8884 5075.9933 5425.8743 5751.4567 6186.9000 0.2000 0.2000 0.2000 0.2000 0.2000 
6940	0.2000 0.2000 0.2000 0.2000 0.2000 4184.7722 4683.9385 4924.7104 5153.3372 5497.0122 0.2000 0.2000 0.2000 0.2000 0.2000 
6941	0.2000 0.2000 0.2000 0.2000 0.2000 4535.0451 4735.8316 4868.5073 5032.0392 5326.6976 0.2000 0.2000 0.2000 0.2000 0.2000 
6942	0.2000 0.2000 0.2000 0.2000 0.2000 4486.8149 4608.0934 4661.3712 4738.1778 4907.1198 0.2000 0.2000 0.2000 0.2000 0.2000 
6943	0.3333 0.3333 0.3333 0.0000 0.0000 4528.3344 4616.6369 4788.1542 0.0000 0.0000 0.3333 0.3333 0.3333 0.0000 0.0000 
6944	0.2500 0.2500 0.2500 0.2500 0.0000 4559.3939 4676.3783 4768.6383 4929.3103 0.0000 0.2500 0.2500 0.2500 0.2500 0.0000 
6945	0.2500 0.2500 0.2500 0.2500 0.0000 4582.0764 4637.8203 4744.6447 5077.0378 0.0000 0.2500 0.2500 0.2500 0.2500 0.0000 
6946	0.2000 0.2000 0.2000 0.2000 0.2000 4583.5993 4607.4465 4646.3035 4751.9830 5165.7441 0.2000 0.2000 0.2000 0.2000 0.2000 
6947	0.2000 0.2000 0.2000 0.2000 0.2000 4619.8809 4865.4052 5041.7174 5238.1378 5522.3382 0.2000 0.2000 0.2000 0.2000 0.2000 
6948	0.2000 0.2000 0.2000 0.2000 0.2000 4962.2542 5153.4292 5292.7569 5423.4941 5612.0045 0.2000 0.2000 0.2000 0.2000 0.2000 
6949	0.2500 0.2500 0.2500 0.2500 0.0000 5174.2008 5372.7300 5531.7506 5702.6575 0.0000 0.2500 0.2500 0.2500 0.2500 0.0000 
6950	0.2500 0.2500 0.2500 0.2500 0.0000 5195.1119 5332.7333 5454.3358 5724.3853 0.0000 0.2500 0.2500 0.2500 0.2500 0.0000 
7088	0.2000 0.2000 0.2000 0.2000 0.2000 659.3958 878.0316 1001.5493 1149.3910 1459.2111 0.2000 0.2000 0.2000 0.2000 0.2000 
7089	0.2000 0.2000 0.2000 0.2000 0.2000 992.2378 1268.8601 1463.9240 1680.9205 1998.7010 0.2000 0.2000 0.2000 0.2000 0.2000 
7090	0.2000 0.2000 0.2000 0.2000 0.2000 1503.8434 1817.8431 2027.2368 2230.1802 2548.0392 0.2000 0.2000 0.2000 0.2000 0.2000 
7091	0.2000 0.2000 0.2000 0.2000 0.2000 1808.4649 2119.1142 2327.7990 2526.7160 2833.9611 0.2000 0.2000 0.2000 0.2000 0.2000 
7094	0.2000 0.2000 0.2000 0.2000 0.2000 2991.1889 3686.4694 4095.4094 4456.7188 4944.7420 0.2000 0.2000 0.2000 0.2000 0.2000 
7095	0.2000 0.2000 0.2000 0.2000 0.2000 3586.0392 4461.0212 4870.9476 5191.5896 5566.2399 0.2000 0.2000 0.2000 0.2000 0.2000 
7096	0.2000 0.2000 0.2000 0.2000 0.2000 3234.3535 4015.4410 4563.2747 4997.1580 5398.0705 0.2000 0.2000 0.2000 0.2000 0.2000 
7097	0.2000 0.2000 0.2000 0.2000 0.2000 4124.2507 4717.4663 5102.9778 5423.4316 5858.2476 0.2000 0.2000 0.2000 0.2000 0.2000 
7098	0.2000 0.2000 0.2000 0.2000 0.2000 5085.7188 5368.6889 5543.2660 5704.0566 5959.5174 0.2000 0.2000 0.2000 0.2000 0.2000 
7099	0.2000 0.2000 0.2000 0.2000 0.2000 4710.6252 4994.4185 5297.7159 5650.7919 6070.6098 0.2000 0.2000 0.2000 0.2000 0.2000 
7100	0.2000 0.2000 0.2000 0.2000 0.2000 4384.4733 4541.8566 4667.8712 4926.8830 5494.6889 0.2000 0.2000 0.2000 0.2000 0.2000 
7101	0.2500 0.2500 0.2500 0.2500 0.0000 4192.4139 4398.0317 4496.3731 4606.4108 0.0000 0.2500 0.2500 0.2500 0.2500 0.0000 
7102	0.2000 0.2000 0.2000 0.2000 0.2000 4321.6007 4482.4694 4596.7497 4810.1552 5088.6878 0.2000 0.2000 0.2000 0.2000 0.2000 
7103	0.2000 0.2000 0.2000 0.2000 0.2000 4358.7858 4501.7875 4615.0813 4759.8292 4998.4802 0.2000 0.2000 0.2000 0.2000 0.2000 
7104	0.2000 0.2000 0.2000 0.2000 0.2000 4491.6573 4587.0938 4668.3278 4791.7663 5245.6490 0.2000 0.2000 0.2000 0.2000 0.2000 
7105	0.2000 0.2000 0.2000 0.2000 0.2000 4767.2059 5008.1920 5359.2604 5570.2774 5783.1264 0.2000 0.2000 0.2000 0.2000 0.2000 
7106	0.2000 0.2000 0.2000 0.2000 0.2000 5149.3899 5434.0309 5574.2076 5687.2847 5849.3292 0.2000 0.2000 0.2000 0.2000 0.2000 
7107	0.2000 0.2000 0.2000 0.2000 0.2000 5281.7451 5420.0778 5539.9524 5648.0358 5794.1552 0.2000 0.2000 0.2000 0.2000 0.2000 
7108	0.3333 0.3333 0.3333 0.0000 0.0000 5292.4304 5419.2662 5597.5015 0.0000 0.0000 0.3333 0.3333 0.3333 0.0000 0.0000 
7248	0.2000 0.2000 0.2000 0.2000 0.2000 618.1347 808.0778 1018.4750 1251.4038 1656.3774 0.2000 0.2000 0.2000 0.2000 0.2000 
7249	0.2000 0.2000 0.2000 0.2000 0.2000 1109.9309 1537.9701 1784.4931 2072.5330 2631.6955 0.2000 0.2000 0.2000 0.2000 0.2000 
7250	0.2000 0.2000 0.2000 0.2000 0.2000 1074.1295 1502.0097 1786.6924 2078.2344 2507.6642 0.2000 0.2000 0.2000 0.2000 0.2000 
7251	0.2000 0.2000 0.2000 0.2000 0.2000 1198.9795 1631.1573 1967.1372 2283.0226 2712.1458 0.2000 0.2000 0.2000 0.2000 0.2000 
7252	0.2000 0.2000 0.2000 0.2000 0.2000 2214.4538 2730.6604 3143.0104 3665.7153 4340.3497 0.2000 0.2000 0.2000 0.2000 0.2000 
7253	0.2000 0.2000 0.2000 0.2000 0.2000 2739.4111 3392.5080 3824.7115 4223.0781 4622.9660 0.2000 0.2000 0.2000 0.2000 0.2000 
7254	0.2000 0.2000 0.2000 0.2000 0.2000 3434.1750 4260.3240 4677.9073 4974.3316 5391.9806 0.2000 0.2000 0.2000 0.2000 0.2000 
7255	0.2000 0.2000 0.2000 0.2000 0.2000 4004.0156 4524.0389 4866.2826 5140.9615 5499.4125 0.2000 0.2000 0.2000 0.2000 0.2000 
7256	0.2000 0.2000 0.2000 0.2000 0.2000 4425.5451 4888.1149 5145.4031 5331.5719 5562.4944 0.2000 0.2000 0.2000 0.2000 0.2000 
7257	0.2000 0.2000 0.2000 0.2000 0.2000 4493.4531 4808.3031 4995.7969 5193.0101 5480.7372 0.2000 0.2000 0.2000 0.2000 0.2000 
7258	0.2000 0.2000 0.2000 0.2000 0.2000 4179.8024 4603.7281 4857.2608 5070.7184 5384.2094 0.2000 0.2000 0.2000 0.2000 0.2000 
7259	0.2000 0.2000 0.2000 0.2000 0.2000 3812.7833 4097.9844 4389.0941 4549.0663 4720.9132 0.2000 0.2000 0.2000 0.2000 0.2000 
7260	0.2500 0.2500 0.2500 0.2500 0.0000 3859.9881 4026.8908 4164.7908 4426.0289 0.0000 0.2500 0.2500 0.2500 0.2500 0.0000 
7261	0.2000 0.2000 0.2000 0.2000 0.2000 4202.0497 4552.3483 4730.0427 4957.8608 5349.9497 0.2000 0.2000 0.2000 0.2000 0.2000 
7262	0.2000 0.2000 0.2000 0.2000 0.2000 4764.2056 5036.3042 5199.0326 5354.5010 5583.1309 0.2000 0.2000 0.2000 0.2000 0.2000 
7263	0.2000 0.2000 0.2000 0.2000 0.2000 4657.2417 4749.0153 4862.9240 5101.4441 5491.6948 0.2000 0.2000 0.2000 0.2000 0.2000 
7264	0.2000 0.2000 0.2000 0.2000 0.2000 5157.2965 5349.3292 5466.2396 5584.2455 5739.3396 0.2000 0.2000 0.2000 0.2000 0.2000 
7265	0.2000 0.2000 0.2000 0.2000 0.2000 5100.6944 5281.9729 5425.5448 5557.5514 5736.0535 0.2000 0.2000 0.2000 0.2000 0.2000 
7410	0.2000 0.2000 0.2000 0.2000 0.2000 1730.9313 2280.8698 2588.7684 2834.6774 3231.8319 0.2000 0.2000 0.2000 0.2000 0.2000 
7411	0.2000 0.2000 0.2000 0.2000 0.2000 1823.3257 2524.7264 3104.4868 3957.7392 4704.5021 0.2000 0.2000 0.2000 0.2000 0.2000 
7412	0.2000 0.2000 0.2000 0.2000 0.2000 1520.4639 2260.5670 2977.5958 3818.1684 4697.3438 0.2000 0.2000 0.2000 0.2000 0.2000 
7413	0.2000 0.2000 0.2000 0.2000 0.2000 2381.3948 3420.8639 4135.0194 4615.6861 5077.3458 0.2000 0.2000 0.2000 0.2000 0.2000 
7414	0.2000 0.2000 0.2000 0.2000 0.2000 2518.8681 3107.5441 3563.2531 4024.8479 4778.4240 0.2000 0.2000 0.2000 0.2000 0.2000 
7415	0.2000 0.2000 0.2000 0.2000 0.2000 3318.3788 4292.3684 4843.1552 5225.7934 5593.7101 0.2000 0.2000 0.2000 0.2000 0.2000 
7416	0.2000 0.2000 0.2000 0.2000 0.2000 3795.1021 4537.5045 4833.0965 5068.0372 5380.7035 0.2000 0.2000 0.2000 0.2000 0.2000 
7417	0.2000 0.2000 0.2000 0.2000 0.2000 3604.1813 4109.6087 4462.2705 4710.6191 5005.4903 0.2000 0.2000 0.2000 0.2000 0.2000 
7418	0.2000 0.2000 0.2000 0.2000 0.2000 3693.1823 3990.1802 4114.2913 4237.9826 4538.1267 0.2000 0.2000 0.2000 0.2000 0.2000 
7419	0.2500 0.2500 0.2500 0.2500 0.0000 3883.6183 4062.7481 4161.5783 4299.7694 0.0000 0.2500 0.2500 0.2500 0.2500 0.0000 
7420	0.2000 0.2000 0.2000 0.2000 0.2000 3971.1913 4234.1316 4453.4278 4587.5844 5292.5576 0.2000 0.2000 0.2000 0.2000 0.2000 
7421	0.2000 0.2000 0.2000 0.2000 0.2000 4815.0101 5125.0097 5352.9083 5541.6191 5747.1219 0.2000 0.2000 0.2000 0.2000 0.2000 
7572	0.2000 0.2000 0.2000 0.2000 0.2000 4388.1372 4801.2333 5027.5823 5212.2288 5501.9028 0.2000 0.2000 0.2000 0.2000 0.2000 
7573	0.2000 0.2000 0.2000 0.2000 0.2000 4084.2559 4539.9347 4842.3660 5081.4559 5362.9764 0.2000 0.2000 0.2000 0.2000 0.2000 
7574	0.2000 0.2000 0.2000 0.2000 0.2000 3707.8177 4445.3715 4834.8813 5128.9507 5478.0073 0.2000 0.2000 0.2000 0.2000 0.2000 
7575	0.2000 0.2000 0.2000 0.2000 0.2000 3076.5545 3680.7410 4166.8045 4664.9528 5548.7847 0.2000 0.2000 0.2000 0.2000 0.2000 
7576	0.2000 0.2000 0.2000 0.2000 0.2000 3492.7865 4277.1608 4775.4771 5182.5549 5764.7677 0.2000 0.2000 0.2000 0.2000 0.2000 
7577	0.2000 0.2000 0.2000 0.2000 0.2000 4500.8771 4666.4191 4791.4479 4927.4184 5149.8135 0.2000 0.2000 0.2000 0.2000 0.2000 
7578	0.2000 0.2000 0.2000 0.2000 0.2000 3982.3750 4213.6240 4311.6427 4405.3479 4576.8188 0.2000 0.2000 0.2000 0.2000 0.2000 
7579	0.2500 0.2500 0.2500 0.2500 0.0000 4179.9692 4343.5128 4475.2525 4625.4214 0.0000 0.2500 0.2500 0.2500 0.2500 0.0000 
7580	0.2000 0.2000 0.2000 0.2000 0.2000 4610.7507 4833.4469 5214.3528 5508.4854 5808.5052 0.2000 0.2000 0.2000 0.2000 0.2000 
7731	0.2000 0.2000 0.2000 0.2000 0.2000 4261.1382 4814.7597 5081.7212 5287.1743 5584.8010 0.2000 0.2000 0.2000 0.2000 0.2000 
7732	0.2000 0.2000 0.2000 0.2000 0.2000 4316.7635 4876.5465 5197.1632 5450.5201 5760.5212 0.2000 0.2000 0.2000 0.2000 0.2000 
7733	0.2000 0.2000 0.2000 0.2000 0.2000 3648.0441 4048.2733 4408.8733 4707.5948 5185.3344 0.2000 0.2000 0.2000 0.2000 0.2000 
7734	0.2000 0.2000 0.2000 0.2000 0.2000 3687.4490 4326.4257 4775.2774 5182.6410 5681.4326 0.2000 0.2000 0.2000 0.2000 0.2000 
7735	0.2000 0.2000 0.2000 0.2000 0.2000 3528.7299 4058.6260 4413.6069 4732.2299 5274.9892 0.2000 0.2000 0.2000 0.2000 0.2000 
7736	0.2000 0.2000 0.2000 0.2000 0.2000 4339.8615 4966.9319 5382.4934 5650.6708 5892.0205 0.2000 0.2000 0.2000 0.2000 0.2000 
7737	0.2000 0.2000 0.2000 0.2000 0.2000 4310.7458 4542.5670 4712.5830 4898.7510 5356.7049 0.2000 0.2000 0.2000 0.2000 0.2000 
7738	0.2000 0.2000 0.2000 0.2000 0.2000 4225.3340 4425.4309 4543.6694 4617.8153 4761.9163 0.2000 0.2000 0.2000 0.2000 0.2000 
7739	0.2000 0.2000 0.2000 0.2000 0.2000 4515.9708 4626.2000 4688.1062 4842.2167 5346.8090 0.2000 0.2000 0.2000 0.2000 0.2000 
7740	0.2000 0.2000 0.2000 0.2000 0.2000 4260.8455 4931.9729 5503.0257 5736.9163 5971.3750 0.2000 0.2000 0.2000 0.2000 0.2000 
7891	0.2000 0.2000 0.2000 0.2000 0.2000 4131.4194 4539.3927 4904.6778 5240.2979 5586.7448 0.2000 0.2000 0.2000 0.2000 0.2000 
7892	0.2000 0.2000 0.2000 0.2000 0.2000 4007.4007 4487.0990 4865.9684 5198.4736 5576.9344 0.2000 0.2000 0.2000 0.2000 0.2000 
7893	0.2000 0.2000 0.2000 0.2000 0.2000 4317.4274 4881.7851 5243.0920 5499.8292 5767.1840 0.2000 0.2000 0.2000 0.2000 0.2000 
7894	0.2000 0.2000 0.2000 0.2000 0.2000 4549.7969 4955.1490 5258.3340 5516.9701 5828.1101 0.2000 0.2000 0.2000 0.2000 0.2000 
7895	0.2000 0.2000 0.2000 0.2000 0.2000 4173.0160 4536.4837 4820.3125 5111.0069 5578.3167 0.2000 0.2000 0.2000 0.2000 0.2000 
7896	0.2000 0.2000 0.2000 0.2000 0.2000 4589.8708 5051.5521 5324.7490 5555.0757 5811.9524 0.2000 0.2000 0.2000 0.2000 0.2000 
7897	0.2000 0.2000 0.2000 0.2000 0.2000 4619.3028 5028.1969 5264.0219 5524.7618 5778.7302 0.2000 0.2000 0.2000 0.2000 0.2000 
7898	0.2000 0.2000 0.2000 0.2000 0.2000 4679.7493 4883.8271 5059.6590 5270.7458 5552.5160 0.2000 0.2000 0.2000 0.2000 0.2000 
7899	0.2000 0.2000 0.2000 0.2000 0.2000 4452.1830 5052.3767 5353.9625 5549.4479 5788.1753 0.2000 0.2000 0.2000 0.2000 0.2000 
8051	0.2000 0.2000 0.2000 0.2000 0.2000 4628.7531 5048.6944 5272.7194 5438.9306 5653.6778 0.2000 0.2000 0.2000 0.2000 0.2000 
8052	0.2000 0.2000 0.2000 0.2000 0.2000 4840.1726 5142.9431 5331.6264 5494.3135 5708.7056 0.2000 0.2000 0.2000 0.2000 0.2000 
8053	0.2000 0.2000 0.2000 0.2000 0.2000 4915.4976 5134.9253 5286.9451 5468.5934 5740.3649 0.2000 0.2000 0.2000 0.2000 0.2000 
8054	0.2000 0.2000 0.2000 0.2000 0.2000 4648.0083 4970.3368 5199.7125 5413.6434 5809.7566 0.2000 0.2000 0.2000 0.2000 0.2000 
8055	0.2000 0.2000 0.2000 0.2000 0.2000 4423.0198 4671.5316 4916.1687 5195.8865 5657.4962 0.2000 0.2000 0.2000 0.2000 0.2000 
8056	0.2000 0.2000 0.2000 0.2000 0.2000 4526.8035 4786.2764 4973.3872 5256.8656 5627.4236 0.2000 0.2000 0.2000 0.2000 0.2000 
8057	0.2000 0.2000 0.2000 0.2000 0.2000 4705.6021 4998.5837 5190.8493 5400.9868 5732.9608 0.2000 0.2000 0.2000 0.2000 0.2000 
8058	0.2000 0.2000 0.2000 0.2000 0.2000 4541.3830 5173.4059 5480.2330 5677.0778 5909.0229 0.2000 0.2000 0.2000 0.2000 0.2000 
8212	0.2000 0.2000 0.2000 0.2000 0.2000 4781.5243 4998.9722 5152.4733 5326.3997 5550.5101 0.2000 0.2000 0.2000 0.2000 0.2000 
8213	0.2000 0.2000 0.2000 0.2000 0.2000 4767.8469 4928.6774 5120.2316 5366.7413 5762.7535 0.2000 0.2000 0.2000 0.2000 0.2000 
8214	0.2000 0.2000 0.2000 0.2000 0.2000 4521.0760 4586.0420 4823.5917 5139.7819 5887.1569 0.2000 0.2000 0.2000 0.2000 0.2000 
8215	0.2000 0.2000 0.2000 0.2000 0.2000 4589.2271 4930.1611 5072.1684 5246.6698 5607.7212 0.2000 0.2000 0.2000 0.2000 0.2000 
8372	0.2000 0.2000 0.2000 0.2000 0.2000 4698.7285 4849.8427 5003.5628 5267.3361 5632.8955 0.2000 0.2000 0.2000 0.2000 0.2000 
8373	0.2000 0.2000 0.2000 0.2000 0.2000 4937.6851 5271.4861 5466.6983 5632.9267 5861.4826 0.2000 0.2000 0.2000 0.2000 0.2000 
8374	0.2000 0.2000 0.2000 0.2000 0.2000 4622.1309 4903.7281 5156.1601 5512.0562 5924.1253 0.2000 0.2000 0.2000 0.2000 0.2000 
