1 7735 32.1250 78.6250 0.3790 0.7010 7.4490 0.7760 2 12.6800 12.6800 12.6800 1257.6000 1257.6000 1257.6000 -9999 -9999 -9999 40.0000 592.0000 432.0000 4406.6245 0.1000 1.4800 1.0800 4.0943 4.0000 30.2000 30.2000 30.2000 0.6930 0.6930 0.6930 1300.0000 1533.5135 1570.0000 2650.0000 2650.0000 2650.0000 5.241667e+00 0.5250 0.5250 0.5250 0.2250 0.2250 0.2250 0.0100 0.0001 0.9378 0.0410 0.0410 0.0410 1
1 7736 32.1250 78.8750 0.3790 0.7010 7.4490 0.7760 2 12.6800 12.6800 12.6800 1257.6000 1257.6000 1257.6000 -9999 -9999 -9999 40.0000 592.0000 432.0000 5247.1909 0.1000 1.4800 1.0800 -1.7275 4.0000 30.2000 30.2000 30.2000 0.6930 0.6930 0.6930 1300.0000 1533.5135 1570.0000 2650.0000 2650.0000 2650.0000 5.258333e+00 0.5250 0.5250 0.5250 0.2250 0.2250 0.2250 0.0100 0.0001 0.7416 0.0410 0.0410 0.0410 1
1 7737 32.1250 79.1250 0.3790 0.7010 7.4490 0.7760 2 12.6800 12.6800 12.6800 1257.6000 1257.6000 1257.6000 -9999 -9999 -9999 40.0000 592.0000 432.0000 4773.8218 0.1000 1.4800 1.0800 0.2461 4.0000 30.2000 30.2000 30.2000 0.6930 0.6930 0.6930 1300.0000 1533.5135 1570.0000 2650.0000 2650.0000 2650.0000 5.275000e+00 0.5250 0.5250 0.5250 0.2250 0.2250 0.2250 0.0100 0.0001 0.4682 0.0410 0.0410 0.0410 1
1 7738 32.1250 79.3750 0.3790 0.7010 7.4490 0.7760 2 12.6800 12.6800 12.6800 1257.6000 1257.6000 1257.6000 -9999 -9999 -9999 40.0000 592.0000 432.0000 4525.4717 0.1000 1.4800 1.0800 1.4289 4.0000 30.2000 30.2000 30.2000 0.6930 0.6930 0.6930 1300.0000 1533.5135 1570.0000 2650.0000 2650.0000 2650.0000 5.291667e+00 0.5250 0.5250 0.5250 0.2250 0.2250 0.2250 0.0100 0.0001 0.4561 0.0410 0.0410 0.0410 1
1 7739 32.1250 79.6250 0.3790 0.7010 7.4490 0.7760 2 12.6800 12.6800 12.6800 1257.6000 1257.6000 1257.6000 -9999 -9999 -9999 40.0000 592.0000 432.0000 4808.8335 0.1000 1.4800 1.0800 -0.2819 4.0000 30.2000 30.2000 30.2000 0.6930 0.6930 0.6930 1300.0000 1533.5135 1570.0000 2650.0000 2650.0000 2650.0000 5.308333e+00 0.5250 0.5250 0.5250 0.2250 0.2250 0.2250 0.0100 0.0001 0.5159 0.0410 0.0410 0.0410 1
1 7740 32.1250 79.8750 0.3790 0.7010 7.4490 0.7760 2 12.6800 12.6800 12.6800 1257.6000 1257.6000 1257.6000 -9999 -9999 -9999 40.0000 592.0000 432.0000 5277.1167 0.1000 1.4800 1.0800 -3.7528 4.0000 30.2000 30.2000 30.2000 0.6930 0.6930 0.6930 1300.0000 1533.5135 1570.0000 2650.0000 2650.0000 2650.0000 5.325000e+00 0.5250 0.5250 0.5250 0.2250 0.2250 0.2250 0.0100 0.0001 0.4577 0.0410 0.0410 0.0410 1
1 7891 32.3750 77.6250 0.3790 0.7010 7.4490 0.7760 2 13.6000 13.6000 13.6000 472.8000 472.8000 472.8000 -9999 -9999 -9999 43.0000 636.4000 464.4000 4898.1997 0.1000 1.4800 1.0800 0.0247 4.0000 40.1200 40.1200 40.1200 0.6930 0.6930 0.6930 1370.0000 1387.2973 1390.0000 2650.0000 2650.0000 2650.0000 5.175000e+00 0.6744 0.6744 0.6744 0.3256 0.3256 0.3256 0.0100 0.0001 1.8112 0.0270 0.0270 0.0270 1
1 7892 32.3750 77.8750 0.3790 0.7010 7.4490 0.7760 2 13.6000 13.6000 13.6000 472.8000 472.8000 472.8000 -9999 -9999 -9999 43.0000 636.4000 464.4000 4844.0981 0.1000 1.4800 1.0800 0.1728 4.0000 40.1200 40.1200 40.1200 0.6930 0.6930 0.6930 1370.0000 1387.2973 1390.0000 2650.0000 2650.0000 2650.0000 5.191667e+00 0.6744 0.6744 0.6744 0.3256 0.3256 0.3256 0.0100 0.0001 1.7854 0.0270 0.0270 0.0270 1
1 7893 32.3750 78.1250 0.3790 0.7010 7.4490 0.7760 2 13.6000 13.6000 13.6000 472.8000 472.8000 472.8000 -9999 -9999 -9999 43.0000 636.4000 464.4000 5152.0054 0.1000 1.4800 1.0800 -1.5806 4.0000 40.1200 40.1200 40.1200 0.6930 0.6930 0.6930 1370.0000 1387.2973 1390.0000 2650.0000 2650.0000 2650.0000 5.208333e+00 0.6744 0.6744 0.6744 0.3256 0.3256 0.3256 0.0100 0.0001 1.6854 0.0270 0.0270 0.0270 1
1 7894 32.3750 78.3750 0.3790 0.7010 7.4490 0.7760 2 13.6000 13.6000 13.6000 472.8000 472.8000 472.8000 -9999 -9999 -9999 43.0000 636.4000 464.4000 5233.9741 0.1000 1.4800 1.0800 -2.7289 4.0000 40.1200 40.1200 40.1200 0.6930 0.6930 0.6930 1370.0000 1387.2973 1390.0000 2650.0000 2650.0000 2650.0000 5.225000e+00 0.6744 0.6744 0.6744 0.3256 0.3256 0.3256 0.0100 0.0001 1.1078 0.0270 0.0270 0.0270 1
1 7895 32.3750 78.6250 0.3790 0.7010 7.4490 0.7760 2 12.6800 12.6800 12.6800 1257.6000 1257.6000 1257.6000 -9999 -9999 -9999 40.0000 592.0000 432.0000 4851.7212 0.1000 1.4800 1.0800 0.2536 4.0000 30.2000 30.2000 30.2000 0.6930 0.6930 0.6930 1300.0000 1533.5135 1570.0000 2650.0000 2650.0000 2650.0000 5.241667e+00 0.5250 0.5250 0.5250 0.2250 0.2250 0.2250 0.0100 0.0001 0.7553 0.0410 0.0410 0.0410 1
1 7896 32.3750 78.8750 0.3790 0.7010 7.4490 0.7760 2 13.6000 13.6000 13.6000 472.8000 472.8000 472.8000 -9999 -9999 -9999 43.0000 636.4000 464.4000 5268.0742 0.1000 1.4800 1.0800 -2.7039 4.0000 40.1200 40.1200 40.1200 0.6930 0.6930 0.6930 1490.0000 1490.0000 1490.0000 2650.0000 2650.0000 2650.0000 5.258333e+00 0.6744 0.6744 0.6744 0.3256 0.3256 0.3256 0.0100 0.0001 0.5417 0.0270 0.0270 0.0270 1
1 7897 32.3750 79.1250 0.3790 0.7010 7.4490 0.7760 2 12.6800 12.6800 12.6800 1257.6000 1257.6000 1257.6000 -9999 -9999 -9999 40.0000 592.0000 432.0000 5248.5259 0.1000 1.4800 1.0800 -3.2903 4.0000 30.2000 30.2000 30.2000 0.6930 0.6930 0.6930 1300.0000 1533.5135 1570.0000 2650.0000 2650.0000 2650.0000 5.275000e+00 0.5250 0.5250 0.5250 0.2250 0.2250 0.2250 0.0100 0.0001 0.4118 0.0410 0.0410 0.0410 1
1 7898 32.3750 79.3750 0.3790 0.7010 7.4490 0.7760 2 12.6800 12.6800 12.6800 1257.6000 1257.6000 1257.6000 -9999 -9999 -9999 40.0000 592.0000 432.0000 5098.5425 0.1000 1.4800 1.0800 -2.3292 4.0000 30.2000 30.2000 30.2000 0.6930 0.6930 0.6930 1300.0000 1533.5135 1570.0000 2650.0000 2650.0000 2650.0000 5.291667e+00 0.5250 0.5250 0.5250 0.2250 0.2250 0.2250 0.0100 0.0001 0.4072 0.0410 0.0410 0.0410 1
1 7899 32.3750 79.6250 0.3790 0.7010 7.4490 0.7760 2 12.6800 12.6800 12.6800 1257.6000 1257.6000 1257.6000 -9999 -9999 -9999 40.0000 592.0000 432.0000 5242.8369 0.1000 1.4800 1.0800 -3.0473 4.0000 30.2000 30.2000 30.2000 0.6930 0.6930 0.6930 1300.0000 1533.5135 1570.0000 2650.0000 2650.0000 2650.0000 5.308333e+00 0.5250 0.5250 0.5250 0.2250 0.2250 0.2250 0.0100 0.0001 0.3760 0.0410 0.0410 0.0410 1
1 8051 32.6250 77.6250 0.3790 0.7010 7.4490 0.7760 2 13.6000 13.6000 13.6000 472.8000 472.8000 472.8000 -9999 -9999 -9999 43.0000 636.4000 464.4000 5216.1631 0.1000 1.4800 1.0800 -3.3939 4.0000 40.1200 40.1200 40.1200 0.6930 0.6930 0.6930 1370.0000 1387.2973 1390.0000 2650.0000 2650.0000 2650.0000 5.175000e+00 0.6744 0.6744 0.6744 0.3256 0.3256 0.3256 0.0100 0.0001 1.5065 0.0270 0.0270 0.0270 1
1 8052 32.6250 77.8750 0.3790 0.7010 7.4490 0.7760 2 13.6000 13.6000 13.6000 472.8000 472.8000 472.8000 -9999 -9999 -9999 43.0000 636.4000 464.4000 5317.7178 0.1000 1.4800 1.0800 -1.7529 4.0000 40.1200 40.1200 40.1200 0.6930 0.6930 0.6930 1370.0000 1387.2973 1390.0000 2650.0000 2650.0000 2650.0000 5.191667e+00 0.6744 0.6744 0.6744 0.3256 0.3256 0.3256 0.0100 0.0001 1.4424 0.0270 0.0270 0.0270 1
1 8053 32.6250 78.1250 0.3790 0.7010 7.4490 0.7760 2 13.6000 13.6000 13.6000 472.8000 472.8000 472.8000 -9999 -9999 -9999 43.0000 636.4000 464.4000 5318.9087 0.1000 1.4800 1.0800 -2.7367 4.0000 40.1200 40.1200 40.1200 0.6930 0.6930 0.6930 1370.0000 1387.2973 1390.0000 2650.0000 2650.0000 2650.0000 5.208333e+00 0.6744 0.6744 0.6744 0.3256 0.3256 0.3256 0.0100 0.0001 1.2572 0.0270 0.0270 0.0270 1
1 8054 32.6250 78.3750 0.3790 0.7010 7.4490 0.7760 2 13.6000 13.6000 13.6000 472.8000 472.8000 472.8000 -9999 -9999 -9999 43.0000 636.4000 464.4000 5218.9922 0.1000 1.4800 1.0800 -2.4620 4.0000 40.1200 40.1200 40.1200 0.6930 0.6930 0.6930 1300.0000 1464.3243 1490.0000 2650.0000 2650.0000 2650.0000 5.225000e+00 0.6744 0.6744 0.6744 0.3256 0.3256 0.3256 0.0100 0.0001 1.0710 0.0270 0.0270 0.0270 1
1 8055 32.6250 78.6250 0.3790 0.7010 7.4490 0.7760 2 13.6000 13.6000 13.6000 472.8000 472.8000 472.8000 -9999 -9999 -9999 43.0000 636.4000 464.4000 4981.6587 0.1000 1.4800 1.0800 -1.0474 4.0000 40.1200 40.1200 40.1200 0.6930 0.6930 0.6930 1300.0000 1464.3243 1490.0000 2650.0000 2650.0000 2650.0000 5.241667e+00 0.6744 0.6744 0.6744 0.3256 0.3256 0.3256 0.0100 0.0001 0.8446 0.0270 0.0270 0.0270 1
1 8056 32.6250 78.8750 0.3790 0.7010 7.4490 0.7760 2 13.6000 13.6000 13.6000 472.8000 472.8000 472.8000 -9999 -9999 -9999 43.0000 636.4000 464.4000 5035.1685 0.1000 1.4800 1.0800 -1.4997 4.0000 40.1200 40.1200 40.1200 0.6930 0.6930 0.6930 1300.0000 1464.3243 1490.0000 2650.0000 2650.0000 2650.0000 5.258333e+00 0.6744 0.6744 0.6744 0.3256 0.3256 0.3256 0.0100 0.0001 0.3934 0.0270 0.0270 0.0270 1
1 8058 32.6250 79.3750 0.3790 0.7010 7.4490 0.7760 2 13.6000 13.6000 13.6000 472.8000 472.8000 472.8000 -9999 -9999 -9999 43.0000 636.4000 464.4000 5363.7905 0.1000 1.4800 1.0800 -3.8013 4.0000 40.1200 40.1200 40.1200 0.6930 0.6930 0.6930 1410.0000 1444.5946 1450.0000 2650.0000 2650.0000 2650.0000 5.291667e+00 0.6744 0.6744 0.6744 0.3256 0.3256 0.3256 0.0100 0.0001 0.3463 0.0270 0.0270 0.0270 1
1 8212 32.8750 77.8750 0.3790 0.7010 7.4490 0.7760 2 13.6000 13.6000 13.6000 472.8000 472.8000 472.8000 -9999 -9999 -9999 43.0000 636.4000 464.4000 5177.3408 0.1000 1.4800 1.0800 -0.7460 4.0000 40.1200 40.1200 40.1200 0.6930 0.6930 0.6930 1370.0000 1387.2973 1390.0000 2650.0000 2650.0000 2650.0000 5.191667e+00 0.6744 0.6744 0.6744 0.3256 0.3256 0.3256 0.0100 0.0001 1.2932 0.0270 0.0270 0.0270 1
1 8213 32.8750 78.1250 0.3790 0.7010 7.4490 0.7760 2 13.6000 13.6000 13.6000 472.8000 472.8000 472.8000 -9999 -9999 -9999 43.0000 636.4000 464.4000 5196.4224 0.1000 1.4800 1.0800 -2.1572 4.0000 40.1200 40.1200 40.1200 0.6930 0.6930 0.6930 1300.0000 1464.3243 1490.0000 2650.0000 2650.0000 2650.0000 5.208333e+00 0.6744 0.6744 0.6744 0.3256 0.3256 0.3256 0.0100 0.0001 1.0550 0.0270 0.0270 0.0270 1
1 8214 32.8750 78.3750 0.3790 0.7010 7.4490 0.7760 2 13.6000 13.6000 13.6000 472.8000 472.8000 472.8000 -9999 -9999 -9999 43.0000 636.4000 464.4000 4991.8740 0.1000 1.4800 1.0800 -0.9598 4.0000 40.1200 40.1200 40.1200 0.6930 0.6930 0.6930 1300.0000 1464.3243 1490.0000 2650.0000 2650.0000 2650.0000 5.225000e+00 0.6744 0.6744 0.6744 0.3256 0.3256 0.3256 0.0100 0.0001 0.9662 0.0270 0.0270 0.0270 1
1 8215 32.8750 78.6250 0.3790 0.7010 7.4490 0.7760 2 13.6000 13.6000 13.6000 472.8000 472.8000 472.8000 -9999 -9999 -9999 43.0000 636.4000 464.4000 5095.0933 0.1000 1.4800 1.0800 -2.0310 4.0000 40.1200 40.1200 40.1200 0.6930 0.6930 0.6930 1300.0000 1464.3243 1490.0000 2650.0000 2650.0000 2650.0000 5.241667e+00 0.6744 0.6744 0.6744 0.3256 0.3256 0.3256 0.0100 0.0001 0.7587 0.0270 0.0270 0.0270 1
1 8372 33.1250 77.8750 0.3790 0.7010 7.4490 0.7760 2 13.6000 13.6000 13.6000 472.8000 472.8000 472.8000 -9999 -9999 -9999 43.0000 636.4000 464.4000 5103.0752 0.1000 1.4800 1.0800 -1.8551 4.0000 40.1200 40.1200 40.1200 0.6930 0.6930 0.6930 1300.0000 1464.3243 1490.0000 2650.0000 2650.0000 2650.0000 5.191667e+00 0.6744 0.6744 0.6744 0.3256 0.3256 0.3256 0.0100 0.0001 0.9236 0.0270 0.0270 0.0270 1
1 8373 33.1250 78.1250 0.3790 0.7010 7.4490 0.7760 2 13.6000 13.6000 13.6000 472.8000 472.8000 472.8000 -9999 -9999 -9999 43.0000 636.4000 464.4000 5441.6768 0.1000 1.4800 1.0800 -4.0030 4.0000 40.1200 40.1200 40.1200 0.6930 0.6930 0.6930 1300.0000 1464.3243 1490.0000 2650.0000 2650.0000 2650.0000 5.208333e+00 0.6744 0.6744 0.6744 0.3256 0.3256 0.3256 0.0100 0.0001 0.7371 0.0270 0.0270 0.0270 1
1 8374 33.1250 78.3750 0.3790 0.7010 7.4490 0.7760 2 13.6000 13.6000 13.6000 472.8000 472.8000 472.8000 -9999 -9999 -9999 43.0000 636.4000 464.4000 5231.6191 0.1000 1.4800 1.0800 -2.5137 4.0000 40.1200 40.1200 40.1200 0.6930 0.6930 0.6930 1300.0000 1464.3243 1490.0000 2650.0000 2650.0000 2650.0000 5.225000e+00 0.6744 0.6744 0.6744 0.3256 0.3256 0.3256 0.0100 0.0001 0.7382 0.0270 0.0270 0.0270 1
