1 6623 30.3750 80.6250 0.3790 0.7010 7.4490 0.7760 2 13.6000 13.6000 13.6000 472.8000 472.8000 472.8000 -9999 -9999 -9999 43.0000 636.4000 464.4000 4988.9595 0.1000 1.4800 1.0800 -2.9884 4.0000 40.1200 40.1200 40.1200 0.6930 0.6930 0.6930 1300.0000 1464.3243 1490.0000 2650.0000 2650.0000 2650.0000 5.375000e+00 0.6744 0.6744 0.6744 0.3256 0.3256 0.3256 0.0100 0.0001 1.3634 0.0270 0.0270 0.0270 1
1 6626 30.3750 81.3750 0.3790 0.7010 7.4490 0.7760 2 12.6800 12.6800 12.6800 1257.6000 1257.6000 1257.6000 -9999 -9999 -9999 40.0000 592.0000 432.0000 5632.6230 0.1000 1.4800 1.0800 -7.2277 4.0000 30.2000 30.2000 30.2000 0.6930 0.6930 0.6930 1300.0000 1533.5135 1570.0000 2650.0000 2650.0000 2650.0000 5.425000e+00 0.5250 0.5250 0.5250 0.2250 0.2250 0.2250 0.0100 0.0001 0.4476 0.0410 0.0410 0.0410 1
1 6627 30.3750 81.6250 0.3790 0.7010 7.4490 0.7760 2 13.6000 13.6000 13.6000 472.8000 472.8000 472.8000 -9999 -9999 -9999 43.0000 636.4000 464.4000 5041.8267 0.1000 1.4800 1.0800 -2.2661 4.0000 40.1200 40.1200 40.1200 0.6930 0.6930 0.6930 1300.0000 1464.3243 1490.0000 2650.0000 2650.0000 2650.0000 5.441667e+00 0.6744 0.6744 0.6744 0.3256 0.3256 0.3256 0.0100 0.0001 0.6653 0.0270 0.0270 0.0270 1
1 6628 30.3750 81.8750 0.3790 0.7010 7.4490 0.7760 2 12.6800 12.6800 12.6800 1257.6000 1257.6000 1257.6000 -9999 -9999 -9999 40.0000 592.0000 432.0000 5374.8911 0.1000 1.4800 1.0800 -3.8523 4.0000 30.2000 30.2000 30.2000 0.6930 0.6930 0.6930 1300.0000 1533.5135 1570.0000 2650.0000 2650.0000 2650.0000 5.458333e+00 0.5250 0.5250 0.5250 0.2250 0.2250 0.2250 0.0100 0.0001 0.6979 0.0410 0.0410 0.0410 1
1 6629 30.3750 82.1250 0.3790 0.7010 7.4490 0.7760 2 12.6800 12.6800 12.6800 1257.6000 1257.6000 1257.6000 -9999 -9999 -9999 40.0000 592.0000 432.0000 5331.5513 0.1000 1.4800 1.0800 -4.9329 4.0000 30.2000 30.2000 30.2000 0.6930 0.6930 0.6930 1300.0000 1533.5135 1570.0000 2650.0000 2650.0000 2650.0000 5.475000e+00 0.5250 0.5250 0.5250 0.2250 0.2250 0.2250 0.0100 0.0001 0.7229 0.0410 0.0410 0.0410 1
1 6781 30.6250 80.1250 0.3790 0.7010 7.4490 0.7760 2 12.6800 12.6800 12.6800 1257.6000 1257.6000 1257.6000 -9999 -9999 -9999 40.0000 592.0000 432.0000 5034.4746 0.1000 1.4800 1.0800 -2.3469 4.0000 30.2000 30.2000 30.2000 0.6930 0.6930 0.6930 1300.0000 1533.5135 1570.0000 2650.0000 2650.0000 2650.0000 5.341667e+00 0.5250 0.5250 0.5250 0.2250 0.2250 0.2250 0.0100 0.0001 2.0588 0.0410 0.0410 0.0410 1
1 6782 30.6250 80.3750 0.3790 0.7010 7.4490 0.7760 2 12.6800 12.6800 12.6800 1257.6000 1257.6000 1257.6000 -9999 -9999 -9999 40.0000 592.0000 432.0000 5209.2817 0.1000 1.4800 1.0800 -3.7768 4.0000 30.2000 30.2000 30.2000 0.6930 0.6930 0.6930 1300.0000 1533.5135 1570.0000 2650.0000 2650.0000 2650.0000 5.358333e+00 0.5250 0.5250 0.5250 0.2250 0.2250 0.2250 0.0100 0.0001 1.7268 0.0410 0.0410 0.0410 1
1 6783 30.6250 80.6250 0.3790 0.7010 7.4490 0.7760 2 13.6000 13.6000 13.6000 472.8000 472.8000 472.8000 -9999 -9999 -9999 43.0000 636.4000 464.4000 5015.0146 0.1000 1.4800 1.0800 -2.8432 4.0000 40.1200 40.1200 40.1200 0.6930 0.6930 0.6930 1390.0000 1623.5135 1660.0000 2650.0000 2650.0000 2650.0000 5.375000e+00 0.6744 0.6744 0.6744 0.3256 0.3256 0.3256 0.0100 0.0001 0.9591 0.0270 0.0270 0.0270 1
1 6784 30.6250 80.8750 0.3790 0.7010 7.4490 0.7760 2 12.6800 12.6800 12.6800 1257.6000 1257.6000 1257.6000 -9999 -9999 -9999 40.0000 592.0000 432.0000 4732.8604 0.1000 1.4800 1.0800 -1.1060 4.0000 30.2000 30.2000 30.2000 0.6930 0.6930 0.6930 1300.0000 1533.5135 1570.0000 2650.0000 2650.0000 2650.0000 5.391667e+00 0.5250 0.5250 0.5250 0.2250 0.2250 0.2250 0.0100 0.0001 0.7805 0.0410 0.0410 0.0410 1
1 6785 30.6250 81.1250 0.3790 0.7010 7.4490 0.7760 2 13.6000 13.6000 13.6000 472.8000 472.8000 472.8000 -9999 -9999 -9999 43.0000 636.4000 464.4000 4663.1772 0.1000 1.4800 1.0800 -0.6661 4.0000 40.1200 40.1200 40.1200 0.6930 0.6930 0.6930 1390.0000 1623.5135 1660.0000 2650.0000 2650.0000 2650.0000 5.408333e+00 0.6744 0.6744 0.6744 0.3256 0.3256 0.3256 0.0100 0.0001 0.6190 0.0270 0.0270 0.0270 1
1 6786 30.6250 81.3750 0.3790 0.7010 7.4490 0.7760 2 13.6000 13.6000 13.6000 472.8000 472.8000 472.8000 -9999 -9999 -9999 43.0000 636.4000 464.4000 4733.5327 0.1000 1.4800 1.0800 -0.6912 4.0000 40.1200 40.1200 40.1200 0.6930 0.6930 0.6930 1390.0000 1623.5135 1660.0000 2650.0000 2650.0000 2650.0000 5.425000e+00 0.6744 0.6744 0.6744 0.3256 0.3256 0.3256 0.0100 0.0001 0.5014 0.0270 0.0270 0.0270 1
1 6787 30.6250 81.6250 0.3790 0.7010 7.4490 0.7760 2 12.6800 12.6800 12.6800 1257.6000 1257.6000 1257.6000 -9999 -9999 -9999 40.0000 592.0000 432.0000 4712.3115 0.1000 1.4800 1.0800 0.3086 4.0000 30.2000 30.2000 30.2000 0.6930 0.6930 0.6930 1300.0000 1533.5135 1570.0000 2650.0000 2650.0000 2650.0000 5.441667e+00 0.5250 0.5250 0.5250 0.2250 0.2250 0.2250 0.0100 0.0001 0.5971 0.0410 0.0410 0.0410 1
1 6788 30.6250 81.8750 0.3790 0.7010 7.4490 0.7760 2 13.6000 13.6000 13.6000 472.8000 472.8000 472.8000 -9999 -9999 -9999 43.0000 636.4000 464.4000 5108.1592 0.1000 1.4800 1.0800 -1.7725 4.0000 40.1200 40.1200 40.1200 0.6930 0.6930 0.6930 1390.0000 1623.5135 1660.0000 2650.0000 2650.0000 2650.0000 5.458333e+00 0.6744 0.6744 0.6744 0.3256 0.3256 0.3256 0.0100 0.0001 0.6203 0.0270 0.0270 0.0270 1
1 6789 30.6250 82.1250 0.3790 0.7010 7.4490 0.7760 2 12.6800 12.6800 12.6800 1257.6000 1257.6000 1257.6000 -9999 -9999 -9999 40.0000 592.0000 432.0000 5204.0801 0.1000 1.4800 1.0800 -3.0590 4.0000 30.2000 30.2000 30.2000 0.6930 0.6930 0.6930 1300.0000 1533.5135 1570.0000 2650.0000 2650.0000 2650.0000 5.475000e+00 0.5250 0.5250 0.5250 0.2250 0.2250 0.2250 0.0100 0.0001 0.6524 0.0410 0.0410 0.0410 1
1 6790 30.6250 82.3750 0.3790 0.7010 7.4490 0.7760 2 12.6800 12.6800 12.6800 1257.6000 1257.6000 1257.6000 -9999 -9999 -9999 40.0000 592.0000 432.0000 5284.6587 0.1000 1.4800 1.0800 -3.8362 4.0000 30.2000 30.2000 30.2000 0.6930 0.6930 0.6930 1300.0000 1533.5135 1570.0000 2650.0000 2650.0000 2650.0000 5.491667e+00 0.5250 0.5250 0.5250 0.2250 0.2250 0.2250 0.0100 0.0001 0.6845 0.0410 0.0410 0.0410 1
1 6939 30.8750 79.6250 0.3790 0.7010 7.4490 0.7760 2 13.6000 13.6000 13.6000 472.8000 472.8000 472.8000 -9999 -9999 -9999 43.0000 636.4000 464.4000 5441.7485 0.1000 1.4800 1.0800 -3.6185 4.0000 40.1200 40.1200 40.1200 0.6930 0.6930 0.6930 1490.0000 1490.0000 1490.0000 2650.0000 2650.0000 2650.0000 5.308333e+00 0.6744 0.6744 0.6744 0.3256 0.3256 0.3256 0.0100 0.0001 2.1327 0.0270 0.0270 0.0270 1
1 6940 30.8750 79.8750 0.3790 0.7010 7.4490 0.7760 2 12.6800 12.6800 12.6800 1257.6000 1257.6000 1257.6000 -9999 -9999 -9999 40.0000 592.0000 432.0000 4895.0918 0.1000 1.4800 1.0800 -1.1004 4.0000 30.2000 30.2000 30.2000 0.6930 0.6930 0.6930 1300.0000 1533.5135 1570.0000 2650.0000 2650.0000 2650.0000 5.325000e+00 0.5250 0.5250 0.5250 0.2250 0.2250 0.2250 0.0100 0.0001 2.0236 0.0410 0.0410 0.0410 1
1 6941 30.8750 80.1250 0.3790 0.7010 7.4490 0.7760 2 12.6800 12.6800 12.6800 1257.6000 1257.6000 1257.6000 -9999 -9999 -9999 40.0000 592.0000 432.0000 4896.2915 0.1000 1.4800 1.0800 -1.5159 4.0000 30.2000 30.2000 30.2000 0.6930 0.6930 0.6930 1300.0000 1533.5135 1570.0000 2650.0000 2650.0000 2650.0000 5.341667e+00 0.5250 0.5250 0.5250 0.2250 0.2250 0.2250 0.0100 0.0001 1.9279 0.0410 0.0410 0.0410 1
1 6942 30.8750 80.3750 0.3790 0.7010 7.4490 0.7760 2 13.6000 13.6000 13.6000 472.8000 472.8000 472.8000 -9999 -9999 -9999 43.0000 636.4000 464.4000 4686.2422 0.1000 1.4800 1.0800 -0.3822 4.0000 40.1200 40.1200 40.1200 0.6930 0.6930 0.6930 1390.0000 1623.5135 1660.0000 2650.0000 2650.0000 2650.0000 5.358333e+00 0.6744 0.6744 0.6744 0.3256 0.3256 0.3256 0.0100 0.0001 1.5261 0.0270 0.0270 0.0270 1
1 6943 30.8750 80.6250 0.3790 0.7010 7.4490 0.7760 2 12.6800 12.6800 12.6800 1257.6000 1257.6000 1257.6000 -9999 -9999 -9999 40.0000 592.0000 432.0000 4652.9233 0.1000 1.4800 1.0800 -0.2372 4.0000 30.2000 30.2000 30.2000 0.6930 0.6930 0.6930 1300.0000 1533.5135 1570.0000 2650.0000 2650.0000 2650.0000 5.375000e+00 0.5250 0.5250 0.5250 0.2250 0.2250 0.2250 0.0100 0.0001 1.2533 0.0410 0.0410 0.0410 1
1 6944 30.8750 80.8750 0.3790 0.7010 7.4490 0.7760 2 12.6800 12.6800 12.6800 1257.6000 1257.6000 1257.6000 -9999 -9999 -9999 40.0000 592.0000 432.0000 4735.3569 0.1000 1.4800 1.0800 -0.7188 4.0000 30.2000 30.2000 30.2000 0.6930 0.6930 0.6930 1300.0000 1533.5135 1570.0000 2650.0000 2650.0000 2650.0000 5.391667e+00 0.5250 0.5250 0.5250 0.2250 0.2250 0.2250 0.0100 0.0001 1.0120 0.0410 0.0410 0.0410 1
1 6945 30.8750 81.1250 0.3790 0.7010 7.4490 0.7760 2 13.6000 13.6000 13.6000 472.8000 472.8000 472.8000 -9999 -9999 -9999 43.0000 636.4000 464.4000 4754.8633 0.1000 1.4800 1.0800 -0.8113 4.0000 40.1200 40.1200 40.1200 0.6930 0.6930 0.6930 1390.0000 1623.5135 1660.0000 2650.0000 2650.0000 2650.0000 5.408333e+00 0.6744 0.6744 0.6744 0.3256 0.3256 0.3256 0.0100 0.0001 0.6369 0.0270 0.0270 0.0270 1
1 6946 30.8750 81.3750 0.3790 0.7010 7.4490 0.7760 2 13.6000 13.6000 13.6000 472.8000 472.8000 472.8000 -9999 -9999 -9999 43.0000 636.4000 464.4000 4746.8384 0.1000 1.4800 1.0800 -0.2637 4.0000 40.1200 40.1200 40.1200 0.6930 0.6930 0.6930 1390.0000 1623.5135 1660.0000 2650.0000 2650.0000 2650.0000 5.425000e+00 0.6744 0.6744 0.6744 0.3256 0.3256 0.3256 0.0100 0.0001 0.5749 0.0270 0.0270 0.0270 1
1 6947 30.8750 81.6250 0.3790 0.7010 7.4490 0.7760 2 12.6800 12.6800 12.6800 1257.6000 1257.6000 1257.6000 -9999 -9999 -9999 40.0000 592.0000 432.0000 5052.8940 0.1000 1.4800 1.0800 -1.6162 4.0000 30.2000 30.2000 30.2000 0.6930 0.6930 0.6930 1300.0000 1533.5135 1570.0000 2650.0000 2650.0000 2650.0000 5.441667e+00 0.5250 0.5250 0.5250 0.2250 0.2250 0.2250 0.0100 0.0001 0.5685 0.0410 0.0410 0.0410 1
1 6948 30.8750 81.8750 0.3790 0.7010 7.4490 0.7760 2 12.6800 12.6800 12.6800 1257.6000 1257.6000 1257.6000 -9999 -9999 -9999 40.0000 592.0000 432.0000 5284.2563 0.1000 1.4800 1.0800 -2.7399 4.0000 30.2000 30.2000 30.2000 0.6930 0.6930 0.6930 1300.0000 1533.5135 1570.0000 2650.0000 2650.0000 2650.0000 5.458333e+00 0.5250 0.5250 0.5250 0.2250 0.2250 0.2250 0.0100 0.0001 0.5788 0.0410 0.0410 0.0410 1
1 6949 30.8750 82.1250 0.3790 0.7010 7.4490 0.7760 2 12.6800 12.6800 12.6800 1257.6000 1257.6000 1257.6000 -9999 -9999 -9999 40.0000 592.0000 432.0000 5439.8125 0.1000 1.4800 1.0800 -4.7193 4.0000 30.2000 30.2000 30.2000 0.6930 0.6930 0.6930 1300.0000 1533.5135 1570.0000 2650.0000 2650.0000 2650.0000 5.475000e+00 0.5250 0.5250 0.5250 0.2250 0.2250 0.2250 0.0100 0.0001 0.5622 0.0410 0.0410 0.0410 1
1 7088 31.1250 76.8750 0.3790 0.7010 7.4490 0.7760 2 13.6000 13.6000 13.6000 472.8000 472.8000 472.8000 -9999 -9999 -9999 43.0000 636.4000 464.4000 1028.2124 0.1000 1.4800 1.0800 19.0726 4.0000 40.1200 40.1200 40.1200 0.6930 0.6930 0.6930 1370.0000 1387.2973 1390.0000 2650.0000 2650.0000 2650.0000 5.125000e+00 0.6744 0.6744 0.6744 0.3256 0.3256 0.3256 0.0100 0.0001 2.9482 0.0270 0.0270 0.0270 1
1 7089 31.1250 77.1250 0.3790 0.7010 7.4490 0.7760 2 13.6000 13.6000 13.6000 472.8000 472.8000 472.8000 -9999 -9999 -9999 43.0000 636.4000 464.4000 1485.6934 0.1000 1.4800 1.0800 17.2196 4.0000 40.1200 40.1200 40.1200 0.6930 0.6930 0.6930 1370.0000 1387.2973 1390.0000 2650.0000 2650.0000 2650.0000 5.141667e+00 0.6744 0.6744 0.6744 0.3256 0.3256 0.3256 0.0100 0.0001 2.9581 0.0270 0.0270 0.0270 1
1 7090 31.1250 77.3750 0.3790 0.7010 7.4490 0.7760 2 27.5600 27.5600 27.5600 763.2000 763.2000 763.2000 -9999 -9999 -9999 47.0000 695.6000 507.6000 2032.8121 0.1000 1.4800 1.0800 14.3840 4.0000 85.6000 85.6000 85.6000 0.6930 0.6930 0.6930 1280.0000 1297.2973 1300.0000 2650.0000 2650.0000 2650.0000 5.158333e+00 0.7660 0.7660 0.7660 0.5745 0.5745 0.5745 0.0100 0.0001 2.7711 0.0900 0.0900 0.0900 1
