1 7094 31.1250 78.3750 0.3790 0.7010 7.4490 0.7760 2 13.6000 13.6000 13.6000 472.8000 472.8000 472.8000 -9999 -9999 -9999 43.0000 636.4000 464.4000 4039.6169 0.1000 1.4800 1.0800 8.2650 4.0000 40.1200 40.1200 40.1200 0.6930 0.6930 0.6930 1300.0000 1464.3243 1490.0000 2650.0000 2650.0000 2650.0000 5.225000e+00 0.6744 0.6744 0.6744 0.3256 0.3256 0.3256 0.0100 0.0001 1.7664 0.0270 0.0270 0.0270 1
1 7095 31.1250 78.6250 0.3790 0.7010 7.4490 0.7760 2 13.6000 13.6000 13.6000 472.8000 472.8000 472.8000 -9999 -9999 -9999 43.0000 636.4000 464.4000 4738.5654 0.1000 1.4800 1.0800 5.3651 4.0000 40.1200 40.1200 40.1200 0.6930 0.6930 0.6930 1300.0000 1464.3243 1490.0000 2650.0000 2650.0000 2650.0000 5.241667e+00 0.6744 0.6744 0.6744 0.3256 0.3256 0.3256 0.0100 0.0001 1.6127 0.0270 0.0270 0.0270 1
1 7096 31.1250 78.8750 0.3790 0.7010 7.4490 0.7760 2 13.6000 13.6000 13.6000 472.8000 472.8000 472.8000 -9999 -9999 -9999 43.0000 636.4000 464.4000 4507.3008 0.1000 1.4800 1.0800 7.7324 4.0000 40.1200 40.1200 40.1200 0.6930 0.6930 0.6930 1300.0000 1464.3243 1490.0000 2650.0000 2650.0000 2650.0000 5.258333e+00 0.6744 0.6744 0.6744 0.3256 0.3256 0.3256 0.0100 0.0001 1.8173 0.0270 0.0270 0.0270 1
1 7098 31.1250 79.3750 0.3790 0.7010 7.4490 0.7760 2 12.6800 12.6800 12.6800 1257.6000 1257.6000 1257.6000 -9999 -9999 -9999 40.0000 592.0000 432.0000 5534.6733 0.1000 1.4800 1.0800 -0.4471 4.0000 30.2000 30.2000 30.2000 0.6930 0.6930 0.6930 1300.0000 1533.5135 1570.0000 2650.0000 2650.0000 2650.0000 5.291667e+00 0.5250 0.5250 0.5250 0.2250 0.2250 0.2250 0.0100 0.0001 1.5529 0.0410 0.0410 0.0410 1
1 7099 31.1250 79.6250 0.3790 0.7010 7.4490 0.7760 2 12.6800 12.6800 12.6800 1257.6000 1257.6000 1257.6000 -9999 -9999 -9999 40.0000 592.0000 432.0000 5345.6665 0.1000 1.4800 1.0800 -2.7524 4.0000 30.2000 30.2000 30.2000 0.6930 0.6930 0.6930 1300.0000 1533.5135 1570.0000 2650.0000 2650.0000 2650.0000 5.308333e+00 0.5250 0.5250 0.5250 0.2250 0.2250 0.2250 0.0100 0.0001 1.5319 0.0410 0.0410 0.0410 1
1 7100 31.1250 79.8750 0.3790 0.7010 7.4490 0.7760 2 12.6800 12.6800 12.6800 1257.6000 1257.6000 1257.6000 -9999 -9999 -9999 40.0000 592.0000 432.0000 4800.1836 0.1000 1.4800 1.0800 -1.0031 4.0000 30.2000 30.2000 30.2000 0.6930 0.6930 0.6930 1300.0000 1533.5135 1570.0000 2650.0000 2650.0000 2650.0000 5.325000e+00 0.5250 0.5250 0.5250 0.2250 0.2250 0.2250 0.0100 0.0001 1.5584 0.0410 0.0410 0.0410 1
1 7101 31.1250 80.1250 0.3790 0.7010 7.4490 0.7760 2 13.6000 13.6000 13.6000 472.8000 472.8000 472.8000 -9999 -9999 -9999 43.0000 636.4000 464.4000 4422.0337 0.1000 1.4800 1.0800 1.5287 4.0000 40.1200 40.1200 40.1200 0.6930 0.6930 0.6930 1240.0000 1456.2162 1490.0000 2650.0000 2650.0000 2650.0000 5.341667e+00 0.6744 0.6744 0.6744 0.3256 0.3256 0.3256 0.0100 0.0001 1.6048 0.0270 0.0270 0.0270 1
1 7102 31.1250 80.3750 0.3790 0.7010 7.4490 0.7760 2 12.6800 12.6800 12.6800 1257.6000 1257.6000 1257.6000 -9999 -9999 -9999 40.0000 592.0000 432.0000 4664.7974 0.1000 1.4800 1.0800 -0.0051 4.0000 30.2000 30.2000 30.2000 0.6930 0.6930 0.6930 1300.0000 1533.5135 1570.0000 2650.0000 2650.0000 2650.0000 5.358333e+00 0.5250 0.5250 0.5250 0.2250 0.2250 0.2250 0.0100 0.0001 1.2217 0.0410 0.0410 0.0410 1
1 7103 31.1250 80.6250 0.3790 0.7010 7.4490 0.7760 2 12.6800 12.6800 12.6800 1257.6000 1257.6000 1257.6000 -9999 -9999 -9999 40.0000 592.0000 432.0000 4655.0176 0.1000 1.4800 1.0800 0.0858 4.0000 30.2000 30.2000 30.2000 0.6930 0.6930 0.6930 1300.0000 1533.5135 1570.0000 2650.0000 2650.0000 2650.0000 5.375000e+00 0.5250 0.5250 0.5250 0.2250 0.2250 0.2250 0.0100 0.0001 1.0091 0.0410 0.0410 0.0410 1
1 7104 31.1250 80.8750 0.3790 0.7010 7.4490 0.7760 2 13.6000 13.6000 13.6000 472.8000 472.8000 472.8000 -9999 -9999 -9999 43.0000 636.4000 464.4000 4765.8823 0.1000 1.4800 1.0800 -0.5853 4.0000 40.1200 40.1200 40.1200 0.6930 0.6930 0.6930 1390.0000 1476.4865 1490.0000 2650.0000 2650.0000 2650.0000 5.391667e+00 0.6744 0.6744 0.6744 0.3256 0.3256 0.3256 0.0100 0.0001 0.9408 0.0270 0.0270 0.0270 1
1 7105 31.1250 81.1250 0.3790 0.7010 7.4490 0.7760 2 12.6800 12.6800 12.6800 1257.6000 1257.6000 1257.6000 -9999 -9999 -9999 40.0000 592.0000 432.0000 5297.6201 0.1000 1.4800 1.0800 -3.9750 4.0000 30.2000 30.2000 30.2000 0.6930 0.6930 0.6930 1300.0000 1533.5135 1570.0000 2650.0000 2650.0000 2650.0000 5.408333e+00 0.5250 0.5250 0.5250 0.2250 0.2250 0.2250 0.0100 0.0001 0.7541 0.0410 0.0410 0.0410 1
1 7106 31.1250 81.3750 0.3790 0.7010 7.4490 0.7760 2 12.6800 12.6800 12.6800 1257.6000 1257.6000 1257.6000 -9999 -9999 -9999 40.0000 592.0000 432.0000 5535.1196 0.1000 1.4800 1.0800 -5.2044 4.0000 30.2000 30.2000 30.2000 0.6930 0.6930 0.6930 1300.0000 1533.5135 1570.0000 2650.0000 2650.0000 2650.0000 5.425000e+00 0.5250 0.5250 0.5250 0.2250 0.2250 0.2250 0.0100 0.0001 0.5289 0.0410 0.0410 0.0410 1
1 7107 31.1250 81.6250 0.3790 0.7010 7.4490 0.7760 2 12.6800 12.6800 12.6800 1257.6000 1257.6000 1257.6000 -9999 -9999 -9999 40.0000 592.0000 432.0000 5531.3613 0.1000 1.4800 1.0800 -4.6245 4.0000 30.2000 30.2000 30.2000 0.6930 0.6930 0.6930 1300.0000 1533.5135 1570.0000 2650.0000 2650.0000 2650.0000 5.441667e+00 0.5250 0.5250 0.5250 0.2250 0.2250 0.2250 0.0100 0.0001 0.5196 0.0410 0.0410 0.0410 1
1 7108 31.1250 81.8750 0.3790 0.7010 7.4490 0.7760 2 13.6000 13.6000 13.6000 472.8000 472.8000 472.8000 -9999 -9999 -9999 43.0000 636.4000 464.4000 5428.5312 0.1000 1.4800 1.0800 -3.6301 4.0000 40.1200 40.1200 40.1200 0.6930 0.6930 0.6930 1390.0000 1623.5135 1660.0000 2650.0000 2650.0000 2650.0000 5.458333e+00 0.6744 0.6744 0.6744 0.3256 0.3256 0.3256 0.0100 0.0001 0.5360 0.0270 0.0270 0.0270 1
1 7248 31.3750 76.8750 0.3790 0.7010 7.4490 0.7760 2 13.6000 13.6000 13.6000 472.8000 472.8000 472.8000 -9999 -9999 -9999 43.0000 636.4000 464.4000 1069.0979 0.1000 1.4800 1.0800 18.5807 4.0000 40.1200 40.1200 40.1200 0.6930 0.6930 0.6930 1370.0000 1387.2973 1390.0000 2650.0000 2650.0000 2650.0000 5.125000e+00 0.6744 0.6744 0.6744 0.3256 0.3256 0.3256 0.0100 0.0001 3.0815 0.0270 0.0270 0.0270 1
1 7249 31.3750 77.1250 0.3790 0.7010 7.4490 0.7760 2 27.5600 27.5600 27.5600 763.2000 763.2000 763.2000 -9999 -9999 -9999 47.0000 695.6000 507.6000 1826.7987 0.1000 1.4800 1.0800 14.7652 4.0000 85.6000 85.6000 85.6000 0.6930 0.6930 0.6930 1280.0000 1297.2973 1300.0000 2650.0000 2650.0000 2650.0000 5.141667e+00 0.7660 0.7660 0.7660 0.5745 0.5745 0.5745 0.0100 0.0001 2.8483 0.0900 0.0900 0.0900 1
1 7250 31.3750 77.3750 0.3790 0.7010 7.4490 0.7760 2 27.5600 27.5600 27.5600 763.2000 763.2000 763.2000 -9999 -9999 -9999 47.0000 695.6000 507.6000 1792.7816 0.1000 1.4800 1.0800 15.9348 4.0000 85.6000 85.6000 85.6000 0.6930 0.6930 0.6930 1280.0000 1297.2973 1300.0000 2650.0000 2650.0000 2650.0000 5.158333e+00 0.7660 0.7660 0.7660 0.5745 0.5745 0.5745 0.0100 0.0001 2.6793 0.0900 0.0900 0.0900 1
1 7251 31.3750 77.6250 0.3790 0.7010 7.4490 0.7760 2 27.5600 27.5600 27.5600 763.2000 763.2000 763.2000 -9999 -9999 -9999 47.0000 695.6000 507.6000 1969.5981 0.1000 1.4800 1.0800 15.5653 4.0000 85.6000 85.6000 85.6000 0.6930 0.6930 0.6930 1280.0000 1297.2973 1300.0000 2650.0000 2650.0000 2650.0000 5.175000e+00 0.7660 0.7660 0.7660 0.5745 0.5745 0.5745 0.0100 0.0001 3.1241 0.0900 0.0900 0.0900 1
1 7252 31.3750 77.8750 0.3790 0.7010 7.4490 0.7760 2 27.5600 27.5600 27.5600 763.2000 763.2000 763.2000 -9999 -9999 -9999 47.0000 695.6000 507.6000 3233.2434 0.1000 1.4800 1.0800 9.5117 4.0000 85.6000 85.6000 85.6000 0.6930 0.6930 0.6930 1280.0000 1297.2973 1300.0000 2650.0000 2650.0000 2650.0000 5.191667e+00 0.7660 0.7660 0.7660 0.5745 0.5745 0.5745 0.0100 0.0001 2.5303 0.0900 0.0900 0.0900 1
1 7253 31.3750 78.1250 0.3790 0.7010 7.4490 0.7760 2 13.6000 13.6000 13.6000 472.8000 472.8000 472.8000 -9999 -9999 -9999 43.0000 636.4000 464.4000 3781.2722 0.1000 1.4800 1.0800 9.4277 4.0000 40.1200 40.1200 40.1200 0.6930 0.6930 0.6930 1300.0000 1464.3243 1490.0000 2650.0000 2650.0000 2650.0000 5.208333e+00 0.6744 0.6744 0.6744 0.3256 0.3256 0.3256 0.0100 0.0001 1.7598 0.0270 0.0270 0.0270 1
1 7254 31.3750 78.3750 0.3790 0.7010 7.4490 0.7760 2 13.6000 13.6000 13.6000 472.8000 472.8000 472.8000 -9999 -9999 -9999 43.0000 636.4000 464.4000 4546.4990 0.1000 1.4800 1.0800 6.9882 4.0000 40.1200 40.1200 40.1200 0.6930 0.6930 0.6930 1300.0000 1464.3243 1490.0000 2650.0000 2650.0000 2650.0000 5.225000e+00 0.6744 0.6744 0.6744 0.3256 0.3256 0.3256 0.0100 0.0001 1.5241 0.0270 0.0270 0.0270 1
1 7255 31.3750 78.6250 0.3790 0.7010 7.4490 0.7760 2 13.6000 13.6000 13.6000 472.8000 472.8000 472.8000 -9999 -9999 -9999 43.0000 636.4000 464.4000 4808.9141 0.1000 1.4800 1.0800 6.5943 4.0000 40.1200 40.1200 40.1200 0.6930 0.6930 0.6930 1300.0000 1464.3243 1490.0000 2650.0000 2650.0000 2650.0000 5.241667e+00 0.6744 0.6744 0.6744 0.3256 0.3256 0.3256 0.0100 0.0001 1.3490 0.0270 0.0270 0.0270 1
1 7256 31.3750 78.8750 0.3790 0.7010 7.4490 0.7760 2 12.6800 12.6800 12.6800 1257.6000 1257.6000 1257.6000 -9999 -9999 -9999 40.0000 592.0000 432.0000 5077.5898 0.1000 1.4800 1.0800 5.0825 4.0000 30.2000 30.2000 30.2000 0.6930 0.6930 0.6930 1300.0000 1533.5135 1570.0000 2650.0000 2650.0000 2650.0000 5.258333e+00 0.5250 0.5250 0.5250 0.2250 0.2250 0.2250 0.0100 0.0001 1.0935 0.0410 0.0410 0.0410 1
1 7257 31.3750 79.1250 0.3790 0.7010 7.4490 0.7760 2 12.6800 12.6800 12.6800 1257.6000 1257.6000 1257.6000 -9999 -9999 -9999 40.0000 592.0000 432.0000 5001.3687 0.1000 1.4800 1.0800 5.0125 4.0000 30.2000 30.2000 30.2000 0.6930 0.6930 0.6930 1300.0000 1533.5135 1570.0000 2650.0000 2650.0000 2650.0000 5.275000e+00 0.5250 0.5250 0.5250 0.2250 0.2250 0.2250 0.0100 0.0001 1.2267 0.0410 0.0410 0.0410 1
1 7258 31.3750 79.3750 0.3790 0.7010 7.4490 0.7760 2 12.6800 12.6800 12.6800 1257.6000 1257.6000 1257.6000 -9999 -9999 -9999 40.0000 592.0000 432.0000 4824.2964 0.1000 1.4800 1.0800 3.8675 4.0000 30.2000 30.2000 30.2000 0.6930 0.6930 0.6930 1300.0000 1533.5135 1570.0000 2650.0000 2650.0000 2650.0000 5.291667e+00 0.5250 0.5250 0.5250 0.2250 0.2250 0.2250 0.0100 0.0001 1.2523 0.0410 0.0410 0.0410 1
1 7259 31.3750 79.6250 0.3790 0.7010 7.4490 0.7760 2 13.6000 13.6000 13.6000 472.8000 472.8000 472.8000 -9999 -9999 -9999 43.0000 636.4000 464.4000 4314.1904 0.1000 1.4800 1.0800 3.4244 4.0000 40.1200 40.1200 40.1200 0.6930 0.6930 0.6930 1240.0000 1456.2162 1490.0000 2650.0000 2650.0000 2650.0000 5.308333e+00 0.6744 0.6744 0.6744 0.3256 0.3256 0.3256 0.0100 0.0001 1.3818 0.0270 0.0270 0.0270 1
1 7260 31.3750 79.8750 0.3790 0.7010 7.4490 0.7760 2 13.6000 13.6000 13.6000 472.8000 472.8000 472.8000 -9999 -9999 -9999 43.0000 636.4000 464.4000 4124.3242 0.1000 1.4800 1.0800 2.9950 4.0000 40.1200 40.1200 40.1200 0.6930 0.6930 0.6930 1240.0000 1456.2162 1490.0000 2650.0000 2650.0000 2650.0000 5.325000e+00 0.6744 0.6744 0.6744 0.3256 0.3256 0.3256 0.0100 0.0001 1.3460 0.0270 0.0270 0.0270 1
1 7261 31.3750 80.1250 0.3790 0.7010 7.4490 0.7760 2 12.6800 12.6800 12.6800 1257.6000 1257.6000 1257.6000 -9999 -9999 -9999 40.0000 592.0000 432.0000 4757.7271 0.1000 1.4800 1.0800 -0.8431 4.0000 30.2000 30.2000 30.2000 0.6930 0.6930 0.6930 1300.0000 1533.5135 1570.0000 2650.0000 2650.0000 2650.0000 5.341667e+00 0.5250 0.5250 0.5250 0.2250 0.2250 0.2250 0.0100 0.0001 1.1603 0.0410 0.0410 0.0410 1
1 7262 31.3750 80.3750 0.3790 0.7010 7.4490 0.7760 2 12.6800 12.6800 12.6800 1257.6000 1257.6000 1257.6000 -9999 -9999 -9999 40.0000 592.0000 432.0000 5185.9893 0.1000 1.4800 1.0800 -3.4357 4.0000 30.2000 30.2000 30.2000 0.6930 0.6930 0.6930 1300.0000 1533.5135 1570.0000 2650.0000 2650.0000 2650.0000 5.358333e+00 0.5250 0.5250 0.5250 0.2250 0.2250 0.2250 0.0100 0.0001 0.8030 0.0410 0.0410 0.0410 1
