1 7263 31.3750 80.6250 0.3790 0.7010 7.4490 0.7760 2 12.6800 12.6800 12.6800 1257.6000 1257.6000 1257.6000 -9999 -9999 -9999 40.0000 592.0000 432.0000 4983.8940 0.1000 1.4800 1.0800 -1.9148 4.0000 30.2000 30.2000 30.2000 0.6930 0.6930 0.6930 1300.0000 1533.5135 1570.0000 2650.0000 2650.0000 2650.0000 5.375000e+00 0.5250 0.5250 0.5250 0.2250 0.2250 0.2250 0.0100 0.0001 0.7009 0.0410 0.0410 0.0410 1
1 7264 31.3750 80.8750 0.3790 0.7010 7.4490 0.7760 2 12.6800 12.6800 12.6800 1257.6000 1257.6000 1257.6000 -9999 -9999 -9999 40.0000 592.0000 432.0000 5463.5918 0.1000 1.4800 1.0800 -5.0350 4.0000 30.2000 30.2000 30.2000 0.6930 0.6930 0.6930 1300.0000 1533.5135 1570.0000 2650.0000 2650.0000 2650.0000 5.391667e+00 0.5250 0.5250 0.5250 0.2250 0.2250 0.2250 0.0100 0.0001 0.5818 0.0410 0.0410 0.0410 1
1 7265 31.3750 81.1250 0.3790 0.7010 7.4490 0.7760 2 12.6800 12.6800 12.6800 1257.6000 1257.6000 1257.6000 -9999 -9999 -9999 40.0000 592.0000 432.0000 5417.9111 0.1000 1.4800 1.0800 -4.7983 4.0000 30.2000 30.2000 30.2000 0.6930 0.6930 0.6930 1300.0000 1533.5135 1570.0000 2650.0000 2650.0000 2650.0000 5.408333e+00 0.5250 0.5250 0.5250 0.2250 0.2250 0.2250 0.0100 0.0001 0.5319 0.0410 0.0410 0.0410 1
1 7410 31.6250 77.3750 0.3790 0.7010 7.4490 0.7760 2 13.6000 13.6000 13.6000 472.8000 472.8000 472.8000 -9999 -9999 -9999 43.0000 636.4000 464.4000 2550.5291 0.1000 1.4800 1.0800 11.3978 4.0000 40.1200 40.1200 40.1200 0.6930 0.6930 0.6930 1370.0000 1387.2973 1390.0000 2650.0000 2650.0000 2650.0000 5.158333e+00 0.6744 0.6744 0.6744 0.3256 0.3256 0.3256 0.0100 0.0001 3.0707 0.0270 0.0270 0.0270 1
1 7411 31.6250 77.6250 0.3790 0.7010 7.4490 0.7760 2 13.6000 13.6000 13.6000 472.8000 472.8000 472.8000 -9999 -9999 -9999 43.0000 636.4000 464.4000 3447.6853 0.1000 1.4800 1.0800 6.7977 4.0000 40.1200 40.1200 40.1200 0.6930 0.6930 0.6930 1370.0000 1387.2973 1390.0000 2650.0000 2650.0000 2650.0000 5.175000e+00 0.6744 0.6744 0.6744 0.3256 0.3256 0.3256 0.0100 0.0001 3.7867 0.0270 0.0270 0.0270 1
1 7412 31.6250 77.8750 0.3790 0.7010 7.4490 0.7760 2 13.6000 13.6000 13.6000 472.8000 472.8000 472.8000 -9999 -9999 -9999 43.0000 636.4000 464.4000 3331.5857 0.1000 1.4800 1.0800 9.6752 4.0000 40.1200 40.1200 40.1200 0.6930 0.6930 0.6930 1370.0000 1387.2973 1390.0000 2650.0000 2650.0000 2650.0000 5.191667e+00 0.6744 0.6744 0.6744 0.3256 0.3256 0.3256 0.0100 0.0001 3.3763 0.0270 0.0270 0.0270 1
1 7413 31.6250 78.1250 0.3790 0.7010 7.4490 0.7760 2 13.6000 13.6000 13.6000 472.8000 472.8000 472.8000 -9999 -9999 -9999 43.0000 636.4000 464.4000 3962.9509 0.1000 1.4800 1.0800 8.5278 4.0000 40.1200 40.1200 40.1200 0.6930 0.6930 0.6930 1300.0000 1464.3243 1490.0000 2650.0000 2650.0000 2650.0000 5.208333e+00 0.6744 0.6744 0.6744 0.3256 0.3256 0.3256 0.0100 0.0001 1.7869 0.0270 0.0270 0.0270 1
1 7414 31.6250 78.3750 0.3790 0.7010 7.4490 0.7760 2 13.6000 13.6000 13.6000 472.8000 472.8000 472.8000 -9999 -9999 -9999 43.0000 636.4000 464.4000 3603.2776 0.1000 1.4800 1.0800 12.6305 4.0000 40.1200 40.1200 40.1200 0.6930 0.6930 0.6930 1300.0000 1464.3243 1490.0000 2650.0000 2650.0000 2650.0000 5.225000e+00 0.6744 0.6744 0.6744 0.3256 0.3256 0.3256 0.0100 0.0001 1.5084 0.0270 0.0270 0.0270 1
1 7415 31.6250 78.6250 0.3790 0.7010 7.4490 0.7760 2 13.6000 13.6000 13.6000 472.8000 472.8000 472.8000 -9999 -9999 -9999 43.0000 636.4000 464.4000 4662.3369 0.1000 1.4800 1.0800 6.0679 4.0000 40.1200 40.1200 40.1200 0.6930 0.6930 0.6930 1300.0000 1464.3243 1490.0000 2650.0000 2650.0000 2650.0000 5.241667e+00 0.6744 0.6744 0.6744 0.3256 0.3256 0.3256 0.0100 0.0001 1.2295 0.0270 0.0270 0.0270 1
1 7416 31.6250 78.8750 0.3790 0.7010 7.4490 0.7760 2 12.6800 12.6800 12.6800 1257.6000 1257.6000 1257.6000 -9999 -9999 -9999 40.0000 592.0000 432.0000 4729.2524 0.1000 1.4800 1.0800 5.0412 4.0000 30.2000 30.2000 30.2000 0.6930 0.6930 0.6930 1300.0000 1533.5135 1570.0000 2650.0000 2650.0000 2650.0000 5.258333e+00 0.5250 0.5250 0.5250 0.2250 0.2250 0.2250 0.0100 0.0001 0.9520 0.0410 0.0410 0.0410 1
1 7417 31.6250 79.1250 0.3790 0.7010 7.4490 0.7760 2 12.6800 12.6800 12.6800 1257.6000 1257.6000 1257.6000 -9999 -9999 -9999 40.0000 592.0000 432.0000 4387.9844 0.1000 1.4800 1.0800 6.2650 4.0000 30.2000 30.2000 30.2000 0.6930 0.6930 0.6930 1300.0000 1533.5135 1570.0000 2650.0000 2650.0000 2650.0000 5.275000e+00 0.5250 0.5250 0.5250 0.2250 0.2250 0.2250 0.0100 0.0001 1.0284 0.0410 0.0410 0.0410 1
1 7418 31.6250 79.3750 0.3790 0.7010 7.4490 0.7760 2 13.6000 13.6000 13.6000 472.8000 472.8000 472.8000 -9999 -9999 -9999 43.0000 636.4000 464.4000 4122.3750 0.1000 1.4800 1.0800 6.0533 4.0000 40.1200 40.1200 40.1200 0.6930 0.6930 0.6930 1300.0000 1464.3243 1490.0000 2650.0000 2650.0000 2650.0000 5.291667e+00 0.6744 0.6744 0.6744 0.3256 0.3256 0.3256 0.0100 0.0001 1.0149 0.0270 0.0270 0.0270 1
1 7419 31.6250 79.6250 0.3790 0.7010 7.4490 0.7760 2 13.6000 13.6000 13.6000 472.8000 472.8000 472.8000 -9999 -9999 -9999 43.0000 636.4000 464.4000 4106.0093 0.1000 1.4800 1.0800 3.5507 4.0000 40.1200 40.1200 40.1200 0.6930 0.6930 0.6930 1300.0000 1464.3243 1490.0000 2650.0000 2650.0000 2650.0000 5.308333e+00 0.6744 0.6744 0.6744 0.3256 0.3256 0.3256 0.0100 0.0001 0.8961 0.0270 0.0270 0.0270 1
1 7420 31.6250 79.8750 0.3790 0.7010 7.4490 0.7760 2 13.6000 13.6000 13.6000 472.8000 472.8000 472.8000 -9999 -9999 -9999 43.0000 636.4000 464.4000 4511.9204 0.1000 1.4800 1.0800 -0.0569 4.0000 40.1200 40.1200 40.1200 0.6930 0.6930 0.6930 1390.0000 1476.4865 1490.0000 2650.0000 2650.0000 2650.0000 5.325000e+00 0.6744 0.6744 0.6744 0.3256 0.3256 0.3256 0.0100 0.0001 0.8756 0.0270 0.0270 0.0270 1
1 7421 31.6250 80.1250 0.3790 0.7010 7.4490 0.7760 2 12.6800 12.6800 12.6800 1257.6000 1257.6000 1257.6000 -9999 -9999 -9999 40.0000 592.0000 432.0000 5309.3560 0.1000 1.4800 1.0800 -4.7377 4.0000 30.2000 30.2000 30.2000 0.6930 0.6930 0.6930 1300.0000 1533.5135 1570.0000 2650.0000 2650.0000 2650.0000 5.341667e+00 0.5250 0.5250 0.5250 0.2250 0.2250 0.2250 0.0100 0.0001 0.7757 0.0410 0.0410 0.0410 1
1 7572 31.8750 77.8750 0.3790 0.7010 7.4490 0.7760 2 13.6000 13.6000 13.6000 472.8000 472.8000 472.8000 -9999 -9999 -9999 43.0000 636.4000 464.4000 5004.1875 0.1000 1.4800 1.0800 -0.0626 4.0000 40.1200 40.1200 40.1200 0.6930 0.6930 0.6930 1370.0000 1387.2973 1390.0000 2650.0000 2650.0000 2650.0000 5.191667e+00 0.6744 0.6744 0.6744 0.3256 0.3256 0.3256 0.0100 0.0001 2.1813 0.0270 0.0270 0.0270 1
1 7573 31.8750 78.1250 0.3790 0.7010 7.4490 0.7760 2 13.6000 13.6000 13.6000 472.8000 472.8000 472.8000 -9999 -9999 -9999 43.0000 636.4000 464.4000 4790.1616 0.1000 1.4800 1.0800 2.8529 4.0000 40.1200 40.1200 40.1200 0.6930 0.6930 0.6930 1490.0000 1490.0000 1490.0000 2650.0000 2650.0000 2650.0000 5.208333e+00 0.6744 0.6744 0.6744 0.3256 0.3256 0.3256 0.0100 0.0001 1.7110 0.0270 0.0270 0.0270 1
1 7574 31.8750 78.3750 0.3790 0.7010 7.4490 0.7760 2 13.6000 13.6000 13.6000 472.8000 472.8000 472.8000 -9999 -9999 -9999 43.0000 636.4000 464.4000 4728.0332 0.1000 1.4800 1.0800 4.0738 4.0000 40.1200 40.1200 40.1200 0.6930 0.6930 0.6930 1300.0000 1464.3243 1490.0000 2650.0000 2650.0000 2650.0000 5.225000e+00 0.6744 0.6744 0.6744 0.3256 0.3256 0.3256 0.0100 0.0001 1.2468 0.0270 0.0270 0.0270 1
1 7575 31.8750 78.6250 0.3790 0.7010 7.4490 0.7760 2 13.6000 13.6000 13.6000 472.8000 472.8000 472.8000 -9999 -9999 -9999 43.0000 636.4000 464.4000 4234.6641 0.1000 1.4800 1.0800 7.2337 4.0000 40.1200 40.1200 40.1200 0.6930 0.6930 0.6930 1300.0000 1464.3243 1490.0000 2650.0000 2650.0000 2650.0000 5.241667e+00 0.6744 0.6744 0.6744 0.3256 0.3256 0.3256 0.0100 0.0001 1.1588 0.0270 0.0270 0.0270 1
1 7576 31.8750 78.8750 0.3790 0.7010 7.4490 0.7760 2 12.6800 12.6800 12.6800 1257.6000 1257.6000 1257.6000 -9999 -9999 -9999 40.0000 592.0000 432.0000 4699.6504 0.1000 1.4800 1.0800 3.4565 4.0000 30.2000 30.2000 30.2000 0.6930 0.6930 0.6930 1300.0000 1533.5135 1570.0000 2650.0000 2650.0000 2650.0000 5.258333e+00 0.5250 0.5250 0.5250 0.2250 0.2250 0.2250 0.0100 0.0001 0.9143 0.0410 0.0410 0.0410 1
1 7577 31.8750 79.1250 0.3790 0.7010 7.4490 0.7760 2 12.6800 12.6800 12.6800 1257.6000 1257.6000 1257.6000 -9999 -9999 -9999 40.0000 592.0000 432.0000 4813.6040 0.1000 1.4800 1.0800 1.5195 4.0000 30.2000 30.2000 30.2000 0.6930 0.6930 0.6930 1300.0000 1533.5135 1570.0000 2650.0000 2650.0000 2650.0000 5.275000e+00 0.5250 0.5250 0.5250 0.2250 0.2250 0.2250 0.0100 0.0001 0.6967 0.0410 0.0410 0.0410 1
1 7578 31.8750 79.3750 0.3790 0.7010 7.4490 0.7760 2 13.6000 13.6000 13.6000 472.8000 472.8000 472.8000 -9999 -9999 -9999 43.0000 636.4000 464.4000 4306.8491 0.1000 1.4800 1.0800 3.4966 4.0000 40.1200 40.1200 40.1200 0.6930 0.6930 0.6930 1300.0000 1464.3243 1490.0000 2650.0000 2650.0000 2650.0000 5.291667e+00 0.6744 0.6744 0.6744 0.3256 0.3256 0.3256 0.0100 0.0001 0.6771 0.0270 0.0270 0.0270 1
1 7579 31.8750 79.6250 0.3790 0.7010 7.4490 0.7760 2 13.6000 13.6000 13.6000 472.8000 472.8000 472.8000 -9999 -9999 -9999 43.0000 636.4000 464.4000 4410.4526 0.1000 1.4800 1.0800 1.5406 4.0000 40.1200 40.1200 40.1200 0.6930 0.6930 0.6930 1240.0000 1456.2162 1490.0000 2650.0000 2650.0000 2650.0000 5.308333e+00 0.6744 0.6744 0.6744 0.3256 0.3256 0.3256 0.0100 0.0001 0.6857 0.0270 0.0270 0.0270 1
1 7580 31.8750 79.8750 0.3790 0.7010 7.4490 0.7760 2 12.6800 12.6800 12.6800 1257.6000 1257.6000 1257.6000 -9999 -9999 -9999 40.0000 592.0000 432.0000 5192.2773 0.1000 1.4800 1.0800 -4.0717 4.0000 30.2000 30.2000 30.2000 0.6930 0.6930 0.6930 1300.0000 1533.5135 1570.0000 2650.0000 2650.0000 2650.0000 5.325000e+00 0.5250 0.5250 0.5250 0.2250 0.2250 0.2250 0.0100 0.0001 0.6492 0.0410 0.0410 0.0410 1
1 7731 32.1250 77.6250 0.3790 0.7010 7.4490 0.7760 2 13.6000 13.6000 13.6000 472.8000 472.8000 472.8000 -9999 -9999 -9999 43.0000 636.4000 464.4000 5106.3145 0.1000 1.4800 1.0800 -2.7733 4.0000 40.1200 40.1200 40.1200 0.6930 0.6930 0.6930 1490.0000 1490.0000 1490.0000 2650.0000 2650.0000 2650.0000 5.175000e+00 0.6744 0.6744 0.6744 0.3256 0.3256 0.3256 0.0100 0.0001 2.3762 0.0270 0.0270 0.0270 1
1 7732 32.1250 77.8750 0.3790 0.7010 7.4490 0.7760 2 13.6000 13.6000 13.6000 472.8000 472.8000 472.8000 -9999 -9999 -9999 43.0000 636.4000 464.4000 5140.7842 0.1000 1.4800 1.0800 -2.0572 4.0000 40.1200 40.1200 40.1200 0.6930 0.6930 0.6930 1370.0000 1387.2973 1390.0000 2650.0000 2650.0000 2650.0000 5.191667e+00 0.6744 0.6744 0.6744 0.3256 0.3256 0.3256 0.0100 0.0001 2.0542 0.0270 0.0270 0.0270 1
1 7733 32.1250 78.1250 0.3790 0.7010 7.4490 0.7760 2 13.6000 13.6000 13.6000 472.8000 472.8000 472.8000 -9999 -9999 -9999 43.0000 636.4000 464.4000 4412.7354 0.1000 1.4800 1.0800 3.9277 4.0000 40.1200 40.1200 40.1200 0.6930 0.6930 0.6930 1370.0000 1387.2973 1390.0000 2650.0000 2650.0000 2650.0000 5.208333e+00 0.6744 0.6744 0.6744 0.3256 0.3256 0.3256 0.0100 0.0001 1.6907 0.0270 0.0270 0.0270 1
1 7734 32.1250 78.3750 0.3790 0.7010 7.4490 0.7760 2 13.6000 13.6000 13.6000 472.8000 472.8000 472.8000 -9999 -9999 -9999 43.0000 636.4000 464.4000 4743.6069 0.1000 1.4800 1.0800 1.3981 4.0000 40.1200 40.1200 40.1200 0.6930 0.6930 0.6930 1370.0000 1387.2973 1390.0000 2650.0000 2650.0000 2650.0000 5.225000e+00 0.6744 0.6744 0.6744 0.3256 0.3256 0.3256 0.0100 0.0001 1.2117 0.0270 0.0270 0.0270 1
