4726 5
	5 0.6522 0.3000 0.3000 0.7000 0.7000
	8 0.0014 0.3000 0.7000 0.7000 0.3000
	7 0.1756 0.3000 0.6000 0.7000 0.4000
	10 0.0464 0.3000 0.8000 0.7000 0.2000
	11 0.1231 0.3000 0.5000 0.7000 0.5000
4727 5
	5 0.5697 0.3000 0.3000 0.7000 0.7000
	8 0.0011 0.3000 0.7000 0.7000 0.3000
	7 0.2164 0.3000 0.6000 0.7000 0.4000
	10 0.0511 0.3000 0.8000 0.7000 0.2000
	11 0.1603 0.3000 0.5000 0.7000 0.5000
4728 6
	1 0.0114 0.3000 0.3000 0.7000 0.7000
	4 0.0011 0.3000 0.3000 0.7000 0.7000
	5 0.7303 0.3000 0.3000 0.7000 0.7000
	7 0.1158 0.3000 0.6000 0.7000 0.4000
	10 0.0619 0.3000 0.8000 0.7000 0.2000
	11 0.0781 0.3000 0.5000 0.7000 0.5000
4878 6
	2 0.0094 0.3000 0.3000 0.7000 0.7000
	5 0.5769 0.3000 0.3000 0.7000 0.7000
	9 0.0022 0.3000 0.7000 0.7000 0.3000
	7 0.0933 0.3000 0.6000 0.7000 0.4000
	10 0.0058 0.3000 0.8000 0.7000 0.2000
	11 0.2964 0.3000 0.5000 0.7000 0.5000
4886 7
	1 0.0122 0.3000 0.3000 0.7000 0.7000
	5 0.6708 0.3000 0.3000 0.7000 0.7000
	8 0.0011 0.3000 0.7000 0.7000 0.3000
	9 0.0014 0.3000 0.7000 0.7000 0.3000
	7 0.0800 0.3000 0.6000 0.7000 0.4000
	10 0.1897 0.3000 0.8000 0.7000 0.2000
	11 0.0444 0.3000 0.5000 0.7000 0.5000
4887 8
	1 0.0203 0.3000 0.3000 0.7000 0.7000
	3 0.0011 0.3000 0.3000 0.7000 0.7000
	5 0.4597 0.3000 0.3000 0.7000 0.7000
	8 0.0031 0.3000 0.7000 0.7000 0.3000
	9 0.0019 0.3000 0.7000 0.7000 0.3000
	7 0.0708 0.3000 0.6000 0.7000 0.4000
	10 0.3658 0.3000 0.8000 0.7000 0.2000
	11 0.0314 0.3000 0.5000 0.7000 0.5000
4888 8
	1 0.0292 0.3000 0.3000 0.7000 0.7000
	3 0.0033 0.3000 0.3000 0.7000 0.7000
	5 0.3314 0.3000 0.3000 0.7000 0.7000
	8 0.0022 0.3000 0.7000 0.7000 0.3000
	9 0.0042 0.3000 0.7000 0.7000 0.3000
	7 0.0347 0.3000 0.6000 0.7000 0.4000
	10 0.4411 0.3000 0.8000 0.7000 0.2000
	11 0.0153 0.3000 0.5000 0.7000 0.5000
4889 9
	1 0.0489 0.3000 0.3000 0.7000 0.7000
	2 0.0011 0.3000 0.3000 0.7000 0.7000
	3 0.0017 0.3000 0.3000 0.7000 0.7000
	4 0.0011 0.3000 0.3000 0.7000 0.7000
	5 0.5625 0.3000 0.3000 0.7000 0.7000
	9 0.0044 0.3000 0.7000 0.7000 0.3000
	7 0.0656 0.3000 0.6000 0.7000 0.4000
	10 0.1972 0.3000 0.8000 0.7000 0.2000
	11 0.0072 0.3000 0.5000 0.7000 0.5000
4890 9
	1 0.0642 0.3000 0.3000 0.7000 0.7000
	2 0.0019 0.3000 0.3000 0.7000 0.7000
	3 0.0031 0.3000 0.3000 0.7000 0.7000
	4 0.0014 0.3000 0.3000 0.7000 0.7000
	5 0.6586 0.3000 0.3000 0.7000 0.7000
	8 0.0011 0.3000 0.7000 0.7000 0.3000
	7 0.0894 0.3000 0.6000 0.7000 0.4000
	10 0.1608 0.3000 0.8000 0.7000 0.2000
	11 0.0167 0.3000 0.5000 0.7000 0.5000
4891 8
	1 0.0525 0.3000 0.3000 0.7000 0.7000
	3 0.0022 0.3000 0.3000 0.7000 0.7000
	5 0.3228 0.3000 0.3000 0.7000 0.7000
	8 0.0014 0.3000 0.7000 0.7000 0.3000
	9 0.0078 0.3000 0.7000 0.7000 0.3000
	7 0.0261 0.3000 0.6000 0.7000 0.4000
	10 0.5522 0.3000 0.8000 0.7000 0.2000
	11 0.0019 0.3000 0.5000 0.7000 0.5000
5033 6
	2 0.0011 0.3000 0.3000 0.7000 0.7000
	5 0.6733 0.3000 0.3000 0.7000 0.7000
	8 0.0047 0.3000 0.7000 0.7000 0.3000
	7 0.2364 0.3000 0.6000 0.7000 0.4000
	10 0.0044 0.3000 0.8000 0.7000 0.2000
	11 0.0794 0.3000 0.5000 0.7000 0.5000
5034 4
	5 0.6353 0.3000 0.3000 0.7000 0.7000
	8 0.0053 0.3000 0.7000 0.7000 0.3000
	7 0.2972 0.3000 0.6000 0.7000 0.4000
	11 0.0608 0.3000 0.5000 0.7000 0.5000
5035 5
	5 0.5903 0.3000 0.3000 0.7000 0.7000
	8 0.0025 0.3000 0.7000 0.7000 0.3000
	7 0.2739 0.3000 0.6000 0.7000 0.4000
	10 0.0031 0.3000 0.8000 0.7000 0.2000
	11 0.1294 0.3000 0.5000 0.7000 0.5000
5036 4
	5 0.5919 0.3000 0.3000 0.7000 0.7000
	8 0.0028 0.3000 0.7000 0.7000 0.3000
	7 0.2467 0.3000 0.6000 0.7000 0.4000
	11 0.1578 0.3000 0.5000 0.7000 0.5000
5037 5
	2 0.0011 0.3000 0.3000 0.7000 0.7000
	5 0.6572 0.3000 0.3000 0.7000 0.7000
	7 0.2722 0.3000 0.6000 0.7000 0.4000
	10 0.0031 0.3000 0.8000 0.7000 0.2000
	11 0.0656 0.3000 0.5000 0.7000 0.5000
5038 4
	5 0.7189 0.3000 0.3000 0.7000 0.7000
	7 0.2028 0.3000 0.6000 0.7000 0.4000
	10 0.0017 0.3000 0.8000 0.7000 0.2000
	11 0.0753 0.3000 0.5000 0.7000 0.5000
5047 5
	1 0.0081 0.3000 0.3000 0.7000 0.7000
	5 0.0444 0.3000 0.3000 0.7000 0.7000
	9 0.0014 0.3000 0.7000 0.7000 0.3000
	7 0.0025 0.3000 0.6000 0.7000 0.4000
	10 0.6581 0.3000 0.8000 0.7000 0.2000
5048 6
	1 0.0022 0.3000 0.3000 0.7000 0.7000
	5 0.0239 0.3000 0.3000 0.7000 0.7000
	8 0.0017 0.3000 0.7000 0.7000 0.3000
	9 0.0036 0.3000 0.7000 0.7000 0.3000
	7 0.0011 0.3000 0.6000 0.7000 0.4000
	10 0.5342 0.3000 0.8000 0.7000 0.2000
5049 6
	1 0.0044 0.3000 0.3000 0.7000 0.7000
	5 0.0336 0.3000 0.3000 0.7000 0.7000
	9 0.0222 0.3000 0.7000 0.7000 0.3000
	7 0.0047 0.3000 0.6000 0.7000 0.4000
	10 0.3325 0.3000 0.8000 0.7000 0.2000
	11 0.0011 0.3000 0.5000 0.7000 0.5000
5050 7
	1 0.0275 0.3000 0.3000 0.7000 0.7000
	4 0.0061 0.3000 0.3000 0.7000 0.7000
	5 0.4544 0.3000 0.3000 0.7000 0.7000
	9 0.0142 0.3000 0.7000 0.7000 0.3000
	7 0.0358 0.3000 0.6000 0.7000 0.4000
	10 0.3161 0.3000 0.8000 0.7000 0.2000
	11 0.0147 0.3000 0.5000 0.7000 0.5000
5051 5
	1 0.0222 0.3000 0.3000 0.7000 0.7000
	5 0.0244 0.3000 0.3000 0.7000 0.7000
	9 0.0178 0.3000 0.7000 0.7000 0.3000
	7 0.0042 0.3000 0.6000 0.7000 0.4000
	10 0.8147 0.3000 0.8000 0.7000 0.2000
5052 2
	9 0.0031 0.3000 0.7000 0.7000 0.3000
	10 0.5678 0.3000 0.8000 0.7000 0.2000
5053 3
	5 0.0011 0.3000 0.3000 0.7000 0.7000
	9 0.0114 0.3000 0.7000 0.7000 0.3000
	10 0.3678 0.3000 0.8000 0.7000 0.2000
5054 6
	1 0.0075 0.3000 0.3000 0.7000 0.7000
	5 0.0072 0.3000 0.3000 0.7000 0.7000
	9 0.0131 0.3000 0.7000 0.7000 0.3000
	7 0.0075 0.3000 0.6000 0.7000 0.4000
	10 0.7150 0.3000 0.8000 0.7000 0.2000
	11 0.0011 0.3000 0.5000 0.7000 0.5000
5193 6
	2 0.0011 0.3000 0.3000 0.7000 0.7000
	5 0.4786 0.3000 0.3000 0.7000 0.7000
	8 0.0053 0.3000 0.7000 0.7000 0.3000
	7 0.4125 0.3000 0.6000 0.7000 0.4000
	10 0.0039 0.3000 0.8000 0.7000 0.2000
	11 0.0986 0.3000 0.5000 0.7000 0.5000
5194 5
	5 0.6161 0.3000 0.3000 0.7000 0.7000
	8 0.0022 0.3000 0.7000 0.7000 0.3000
	7 0.2494 0.3000 0.6000 0.7000 0.4000
	10 0.0050 0.3000 0.8000 0.7000 0.2000
	11 0.1264 0.3000 0.5000 0.7000 0.5000
5195 5
	2 0.0028 0.3000 0.3000 0.7000 0.7000
	5 0.5689 0.3000 0.3000 0.7000 0.7000
	7 0.2947 0.3000 0.6000 0.7000 0.4000
	10 0.0083 0.3000 0.8000 0.7000 0.2000
	11 0.1250 0.3000 0.5000 0.7000 0.5000
5196 6
	1 0.0011 0.3000 0.3000 0.7000 0.7000
	2 0.0025 0.3000 0.3000 0.7000 0.7000
	5 0.5456 0.3000 0.3000 0.7000 0.7000
	7 0.3089 0.3000 0.6000 0.7000 0.4000
	10 0.0092 0.3000 0.8000 0.7000 0.2000
	11 0.1036 0.3000 0.5000 0.7000 0.5000
5207 2
	9 0.0011 0.3000 0.7000 0.7000 0.3000
	10 0.3889 0.3000 0.8000 0.7000 0.2000
5208 2
	9 0.0025 0.3000 0.7000 0.7000 0.3000
	10 0.3961 0.3000 0.8000 0.7000 0.2000
5209 3
	9 0.0067 0.3000 0.7000 0.7000 0.3000
	10 0.7583 0.3000 0.8000 0.7000 0.2000
	11 0.0033 0.3000 0.5000 0.7000 0.5000
5210 6
	1 0.0089 0.3000 0.3000 0.7000 0.7000
	5 0.0289 0.3000 0.3000 0.7000 0.7000
	9 0.0219 0.3000 0.7000 0.7000 0.3000
	7 0.0042 0.3000 0.6000 0.7000 0.4000
	10 0.8489 0.3000 0.8000 0.7000 0.2000
	11 0.0047 0.3000 0.5000 0.7000 0.5000
5211 2
	9 0.0067 0.3000 0.7000 0.7000 0.3000
	10 0.7178 0.3000 0.8000 0.7000 0.2000
5212 2
	9 0.1050 0.3000 0.7000 0.7000 0.3000
	10 0.4556 0.3000 0.8000 0.7000 0.2000
5213 3
	9 0.1253 0.3000 0.7000 0.7000 0.3000
	10 0.1672 0.3000 0.8000 0.7000 0.2000
	11 0.0019 0.3000 0.5000 0.7000 0.5000
5214 3
	9 0.1861 0.3000 0.7000 0.7000 0.3000
	10 0.4731 0.3000 0.8000 0.7000 0.2000
	11 0.0019 0.3000 0.5000 0.7000 0.5000
5215 2
	9 0.2744 0.3000 0.7000 0.7000 0.3000
	10 0.6686 0.3000 0.8000 0.7000 0.2000
5216 2
	9 0.0439 0.3000 0.7000 0.7000 0.3000
	10 0.8953 0.3000 0.8000 0.7000 0.2000
5352 5
	1 0.0011 0.3000 0.3000 0.7000 0.7000
	5 0.6931 0.3000 0.3000 0.7000 0.7000
	7 0.1539 0.3000 0.6000 0.7000 0.4000
	10 0.1178 0.3000 0.8000 0.7000 0.2000
	11 0.0333 0.3000 0.5000 0.7000 0.5000
5353 6
	1 0.0022 0.3000 0.3000 0.7000 0.7000
	5 0.6797 0.3000 0.3000 0.7000 0.7000
	8 0.0014 0.3000 0.7000 0.7000 0.3000
	7 0.1561 0.3000 0.6000 0.7000 0.4000
	10 0.1014 0.3000 0.8000 0.7000 0.2000
	11 0.0589 0.3000 0.5000 0.7000 0.5000
5354 4
	5 0.8433 0.3000 0.3000 0.7000 0.7000
	7 0.1022 0.3000 0.6000 0.7000 0.4000
	10 0.0175 0.3000 0.8000 0.7000 0.2000
	11 0.0356 0.3000 0.5000 0.7000 0.5000
5355 6
	1 0.0011 0.3000 0.3000 0.7000 0.7000
	5 0.6919 0.3000 0.3000 0.7000 0.7000
	8 0.0017 0.3000 0.7000 0.7000 0.3000
	7 0.1628 0.3000 0.6000 0.7000 0.4000
	10 0.0492 0.3000 0.8000 0.7000 0.2000
	11 0.0928 0.3000 0.5000 0.7000 0.5000
5356 7
	1 0.0042 0.3000 0.3000 0.7000 0.7000
	2 0.0042 0.3000 0.3000 0.7000 0.7000
	3 0.0017 0.3000 0.3000 0.7000 0.7000
	5 0.5319 0.3000 0.3000 0.7000 0.7000
	7 0.1664 0.3000 0.6000 0.7000 0.4000
	10 0.2078 0.3000 0.8000 0.7000 0.2000
	11 0.0536 0.3000 0.5000 0.7000 0.5000
5363 5
	1 0.0025 0.3000 0.3000 0.7000 0.7000
	5 0.0136 0.3000 0.3000 0.7000 0.7000
	9 0.0014 0.3000 0.7000 0.7000 0.3000
	7 0.0036 0.3000 0.6000 0.7000 0.4000
	10 0.4397 0.3000 0.8000 0.7000 0.2000
5364 2
	9 0.0106 0.3000 0.7000 0.7000 0.3000
	10 0.7739 0.3000 0.8000 0.7000 0.2000
5365 2
	9 0.0189 0.3000 0.7000 0.7000 0.3000
	10 0.8008 0.3000 0.8000 0.7000 0.2000
5366 2
	9 0.0058 0.3000 0.7000 0.7000 0.3000
	10 0.6325 0.3000 0.8000 0.7000 0.2000
5367 3
	9 0.0258 0.3000 0.7000 0.7000 0.3000
	10 0.5044 0.3000 0.8000 0.7000 0.2000
	11 0.0042 0.3000 0.5000 0.7000 0.5000
5368 2
	9 0.1669 0.3000 0.7000 0.7000 0.3000
	10 0.6453 0.3000 0.8000 0.7000 0.2000
5369 2
	9 0.1389 0.3000 0.7000 0.7000 0.3000
	10 0.6047 0.3000 0.8000 0.7000 0.2000
5370 4
	1 0.0022 0.3000 0.3000 0.7000 0.7000
	9 0.0261 0.3000 0.7000 0.7000 0.3000
	10 0.6967 0.3000 0.8000 0.7000 0.2000
	11 0.0025 0.3000 0.5000 0.7000 0.5000
5371 3
	9 0.0797 0.3000 0.7000 0.7000 0.3000
	10 0.5833 0.3000 0.8000 0.7000 0.2000
	11 0.0014 0.3000 0.5000 0.7000 0.5000
5372 3
	9 0.2631 0.3000 0.7000 0.7000 0.3000
	10 0.2608 0.3000 0.8000 0.7000 0.2000
	11 0.0014 0.3000 0.5000 0.7000 0.5000
5373 5
	1 0.0017 0.3000 0.3000 0.7000 0.7000
	5 0.0011 0.3000 0.3000 0.7000 0.7000
	9 0.2228 0.3000 0.7000 0.7000 0.3000
	10 0.5147 0.3000 0.8000 0.7000 0.2000
	11 0.0114 0.3000 0.5000 0.7000 0.5000
5374 3
	9 0.3592 0.3000 0.7000 0.7000 0.3000
	10 0.2197 0.3000 0.8000 0.7000 0.2000
	11 0.0044 0.3000 0.5000 0.7000 0.5000
5375 3
	9 0.3378 0.3000 0.7000 0.7000 0.3000
	10 0.4897 0.3000 0.8000 0.7000 0.2000
	11 0.0042 0.3000 0.5000 0.7000 0.5000
5376 2
	9 0.1869 0.3000 0.7000 0.7000 0.3000
	10 0.7583 0.3000 0.8000 0.7000 0.2000
5510 6
	2 0.0017 0.3000 0.3000 0.7000 0.7000
	5 0.6344 0.3000 0.3000 0.7000 0.7000
	8 0.0042 0.3000 0.7000 0.7000 0.3000
	7 0.1678 0.3000 0.6000 0.7000 0.4000
	10 0.0481 0.3000 0.8000 0.7000 0.2000
	11 0.1439 0.3000 0.5000 0.7000 0.5000
5513 7
	1 0.0186 0.3000 0.3000 0.7000 0.7000
	5 0.1583 0.3000 0.3000 0.7000 0.7000
	8 0.0044 0.3000 0.7000 0.7000 0.3000
	9 0.0036 0.3000 0.7000 0.7000 0.3000
	7 0.0500 0.3000 0.6000 0.7000 0.4000
	10 0.6786 0.3000 0.8000 0.7000 0.2000
	11 0.0031 0.3000 0.5000 0.7000 0.5000
5514 9
	1 0.0039 0.3000 0.3000 0.7000 0.7000
	2 0.0025 0.3000 0.3000 0.7000 0.7000
	3 0.0014 0.3000 0.3000 0.7000 0.7000
	5 0.3050 0.3000 0.3000 0.7000 0.7000
	8 0.0017 0.3000 0.7000 0.7000 0.3000
	9 0.0208 0.3000 0.7000 0.7000 0.3000
	7 0.0611 0.3000 0.6000 0.7000 0.4000
	10 0.2989 0.3000 0.8000 0.7000 0.2000
	11 0.0117 0.3000 0.5000 0.7000 0.5000
5515 8
	1 0.0297 0.3000 0.3000 0.7000 0.7000
	3 0.0019 0.3000 0.3000 0.7000 0.7000
	5 0.2611 0.3000 0.3000 0.7000 0.7000
	8 0.0033 0.3000 0.7000 0.7000 0.3000
	9 0.0061 0.3000 0.7000 0.7000 0.3000
	7 0.0683 0.3000 0.6000 0.7000 0.4000
	10 0.4561 0.3000 0.8000 0.7000 0.2000
	11 0.0183 0.3000 0.5000 0.7000 0.5000
5516 7
	1 0.0097 0.3000 0.3000 0.7000 0.7000
	5 0.0286 0.3000 0.3000 0.7000 0.7000
	8 0.0014 0.3000 0.7000 0.7000 0.3000
	9 0.0356 0.3000 0.7000 0.7000 0.3000
	7 0.0364 0.3000 0.6000 0.7000 0.4000
	10 0.4122 0.3000 0.8000 0.7000 0.2000
	11 0.0064 0.3000 0.5000 0.7000 0.5000
5522 5
	1 0.0036 0.3000 0.3000 0.7000 0.7000
	5 0.0044 0.3000 0.3000 0.7000 0.7000
	9 0.0117 0.3000 0.7000 0.7000 0.3000
	7 0.0011 0.3000 0.6000 0.7000 0.4000
	10 0.5981 0.3000 0.8000 0.7000 0.2000
5523 2
	9 0.0144 0.3000 0.7000 0.7000 0.3000
	10 0.5672 0.3000 0.8000 0.7000 0.2000
5524 3
	9 0.1094 0.3000 0.7000 0.7000 0.3000
	10 0.6036 0.3000 0.8000 0.7000 0.2000
	11 0.0017 0.3000 0.5000 0.7000 0.5000
5525 2
	9 0.0936 0.3000 0.7000 0.7000 0.3000
	10 0.8347 0.3000 0.8000 0.7000 0.2000
5526 3
	9 0.1903 0.3000 0.7000 0.7000 0.3000
	10 0.6094 0.3000 0.8000 0.7000 0.2000
	11 0.0025 0.3000 0.5000 0.7000 0.5000
5527 3
	9 0.1867 0.3000 0.7000 0.7000 0.3000
	10 0.4414 0.3000 0.8000 0.7000 0.2000
	11 0.0136 0.3000 0.5000 0.7000 0.5000
5528 3
	9 0.1244 0.3000 0.7000 0.7000 0.3000
	10 0.6564 0.3000 0.8000 0.7000 0.2000
	11 0.0017 0.3000 0.5000 0.7000 0.5000
5529 3
	9 0.3131 0.3000 0.7000 0.7000 0.3000
	10 0.5311 0.3000 0.8000 0.7000 0.2000
	11 0.0017 0.3000 0.5000 0.7000 0.5000
5530 3
	9 0.2328 0.3000 0.7000 0.7000 0.3000
	10 0.5583 0.3000 0.8000 0.7000 0.2000
	11 0.0011 0.3000 0.5000 0.7000 0.5000
5531 3
	9 0.3289 0.3000 0.7000 0.7000 0.3000
	10 0.5222 0.3000 0.8000 0.7000 0.2000
	11 0.0056 0.3000 0.5000 0.7000 0.5000
5532 3
	9 0.4825 0.3000 0.7000 0.7000 0.3000
	10 0.3100 0.3000 0.8000 0.7000 0.2000
	11 0.0069 0.3000 0.5000 0.7000 0.5000
5533 3
	9 0.2294 0.3000 0.7000 0.7000 0.3000
	10 0.5314 0.3000 0.8000 0.7000 0.2000
	11 0.0072 0.3000 0.5000 0.7000 0.5000
5534 2
	9 0.1722 0.3000 0.7000 0.7000 0.3000
	10 0.8053 0.3000 0.8000 0.7000 0.2000
5535 3
	9 0.1547 0.3000 0.7000 0.7000 0.3000
	10 0.8131 0.3000 0.8000 0.7000 0.2000
	11 0.0036 0.3000 0.5000 0.7000 0.5000
5669 4
	5 0.6758 0.3000 0.3000 0.7000 0.7000
	7 0.0953 0.3000 0.6000 0.7000 0.4000
	10 0.1808 0.3000 0.8000 0.7000 0.2000
	11 0.0469 0.3000 0.5000 0.7000 0.5000
5670 6
	1 0.0011 0.3000 0.3000 0.7000 0.7000
	5 0.6114 0.3000 0.3000 0.7000 0.7000
	8 0.0017 0.3000 0.7000 0.7000 0.3000
	7 0.0853 0.3000 0.6000 0.7000 0.4000
	10 0.2294 0.3000 0.8000 0.7000 0.2000
	11 0.0694 0.3000 0.5000 0.7000 0.5000
5671 7
	1 0.0344 0.3000 0.3000 0.7000 0.7000
	5 0.3883 0.3000 0.3000 0.7000 0.7000
	8 0.0061 0.3000 0.7000 0.7000 0.3000
	9 0.0036 0.3000 0.7000 0.7000 0.3000
	7 0.0528 0.3000 0.6000 0.7000 0.4000
	10 0.4803 0.3000 0.8000 0.7000 0.2000
	11 0.0136 0.3000 0.5000 0.7000 0.5000
5672 7
	1 0.0272 0.3000 0.3000 0.7000 0.7000
	5 0.1925 0.3000 0.3000 0.7000 0.7000
	8 0.0169 0.3000 0.7000 0.7000 0.3000
	9 0.0142 0.3000 0.7000 0.7000 0.3000
	7 0.0453 0.3000 0.6000 0.7000 0.4000
	10 0.6625 0.3000 0.8000 0.7000 0.2000
	11 0.0375 0.3000 0.5000 0.7000 0.5000
5673 7
	1 0.0181 0.3000 0.3000 0.7000 0.7000
	5 0.0586 0.3000 0.3000 0.7000 0.7000
	8 0.0086 0.3000 0.7000 0.7000 0.3000
	9 0.0172 0.3000 0.7000 0.7000 0.3000
	7 0.0183 0.3000 0.6000 0.7000 0.4000
	10 0.7231 0.3000 0.8000 0.7000 0.2000
	11 0.0047 0.3000 0.5000 0.7000 0.5000
5674 7
	1 0.0361 0.3000 0.3000 0.7000 0.7000
	5 0.0147 0.3000 0.3000 0.7000 0.7000
	8 0.0044 0.3000 0.7000 0.7000 0.3000
	9 0.0328 0.3000 0.7000 0.7000 0.3000
	7 0.0089 0.3000 0.6000 0.7000 0.4000
	10 0.6281 0.3000 0.8000 0.7000 0.2000
	11 0.0097 0.3000 0.5000 0.7000 0.5000
5675 8
	1 0.0264 0.3000 0.3000 0.7000 0.7000
	3 0.0011 0.3000 0.3000 0.7000 0.7000
	5 0.0111 0.3000 0.3000 0.7000 0.7000
	8 0.0072 0.3000 0.7000 0.7000 0.3000
	9 0.0331 0.3000 0.7000 0.7000 0.3000
	7 0.0078 0.3000 0.6000 0.7000 0.4000
	10 0.6347 0.3000 0.8000 0.7000 0.2000
	11 0.0047 0.3000 0.5000 0.7000 0.5000
5676 7
	1 0.0036 0.3000 0.3000 0.7000 0.7000
	5 0.0064 0.3000 0.3000 0.7000 0.7000
	8 0.0036 0.3000 0.7000 0.7000 0.3000
	9 0.1097 0.3000 0.7000 0.7000 0.3000
	7 0.0075 0.3000 0.6000 0.7000 0.4000
	10 0.5300 0.3000 0.8000 0.7000 0.2000
	11 0.0142 0.3000 0.5000 0.7000 0.5000
5677 2
	9 0.0017 0.3000 0.7000 0.7000 0.3000
	10 0.5964 0.3000 0.8000 0.7000 0.2000
5682 3
	9 0.0969 0.3000 0.7000 0.7000 0.3000
	10 0.4858 0.3000 0.8000 0.7000 0.2000
	11 0.0022 0.3000 0.5000 0.7000 0.5000
5683 4
	1 0.0014 0.3000 0.3000 0.7000 0.7000
	5 0.0061 0.3000 0.3000 0.7000 0.7000
	9 0.0153 0.3000 0.7000 0.7000 0.3000
	10 0.3844 0.3000 0.8000 0.7000 0.2000
5684 3
	9 0.0422 0.3000 0.7000 0.7000 0.3000
	10 0.7050 0.3000 0.8000 0.7000 0.2000
	11 0.0064 0.3000 0.5000 0.7000 0.5000
5685 2
	9 0.0917 0.3000 0.7000 0.7000 0.3000
	10 0.8075 0.3000 0.8000 0.7000 0.2000
5686 3
	9 0.1739 0.3000 0.7000 0.7000 0.3000
	10 0.6731 0.3000 0.8000 0.7000 0.2000
	11 0.0044 0.3000 0.5000 0.7000 0.5000
5687 2
	9 0.0772 0.3000 0.7000 0.7000 0.3000
	10 0.7975 0.3000 0.8000 0.7000 0.2000
5688 2
	9 0.0686 0.3000 0.7000 0.7000 0.3000
	10 0.8242 0.3000 0.8000 0.7000 0.2000
5689 2
	9 0.0261 0.3000 0.7000 0.7000 0.3000
	10 0.9442 0.3000 0.8000 0.7000 0.2000
5690 2
	9 0.0086 0.3000 0.7000 0.7000 0.3000
	10 0.9472 0.3000 0.8000 0.7000 0.2000
5691 3
	9 0.0283 0.3000 0.7000 0.7000 0.3000
	10 0.9650 0.3000 0.8000 0.7000 0.2000
	11 0.0036 0.3000 0.5000 0.7000 0.5000
5692 3
	9 0.1678 0.3000 0.7000 0.7000 0.3000
	10 0.7742 0.3000 0.8000 0.7000 0.2000
	11 0.0019 0.3000 0.5000 0.7000 0.5000
5829 7
	1 0.0139 0.3000 0.3000 0.7000 0.7000
	5 0.3947 0.3000 0.3000 0.7000 0.7000
	8 0.0011 0.3000 0.7000 0.7000 0.3000
	9 0.0017 0.3000 0.7000 0.7000 0.3000
	7 0.0253 0.3000 0.6000 0.7000 0.4000
	10 0.5386 0.3000 0.8000 0.7000 0.2000
	11 0.0247 0.3000 0.5000 0.7000 0.5000
5830 6
	1 0.0158 0.3000 0.3000 0.7000 0.7000
	5 0.3836 0.3000 0.3000 0.7000 0.7000
	9 0.0017 0.3000 0.7000 0.7000 0.3000
	7 0.0186 0.3000 0.6000 0.7000 0.4000
	10 0.5722 0.3000 0.8000 0.7000 0.2000
	11 0.0056 0.3000 0.5000 0.7000 0.5000
5831 7
	1 0.0078 0.3000 0.3000 0.7000 0.7000
	5 0.2025 0.3000 0.3000 0.7000 0.7000
	8 0.0014 0.3000 0.7000 0.7000 0.3000
	9 0.0050 0.3000 0.7000 0.7000 0.3000
	7 0.0208 0.3000 0.6000 0.7000 0.4000
	10 0.6883 0.3000 0.8000 0.7000 0.2000
	11 0.0117 0.3000 0.5000 0.7000 0.5000
5832 7
	1 0.0103 0.3000 0.3000 0.7000 0.7000
	5 0.0686 0.3000 0.3000 0.7000 0.7000
	8 0.0078 0.3000 0.7000 0.7000 0.3000
	9 0.0175 0.3000 0.7000 0.7000 0.3000
	7 0.0161 0.3000 0.6000 0.7000 0.4000
	10 0.7742 0.3000 0.8000 0.7000 0.2000
	11 0.0108 0.3000 0.5000 0.7000 0.5000
5833 3
	9 0.0347 0.3000 0.7000 0.7000 0.3000
	10 0.8992 0.3000 0.8000 0.7000 0.2000
	11 0.0061 0.3000 0.5000 0.7000 0.5000
5834 3
	9 0.0419 0.3000 0.7000 0.7000 0.3000
	10 0.8067 0.3000 0.8000 0.7000 0.2000
	11 0.0031 0.3000 0.5000 0.7000 0.5000
5835 1
	10 0.7900 0.3000 0.8000 0.7000 0.2000
5836 4
	1 0.0011 0.3000 0.3000 0.7000 0.7000
	9 0.1000 0.3000 0.7000 0.7000 0.3000
	10 0.4947 0.3000 0.8000 0.7000 0.2000
	11 0.0208 0.3000 0.5000 0.7000 0.5000
5837 4
	1 0.0014 0.3000 0.3000 0.7000 0.7000
	9 0.0783 0.3000 0.7000 0.7000 0.3000
	10 0.5483 0.3000 0.8000 0.7000 0.2000
	11 0.0031 0.3000 0.5000 0.7000 0.5000
5838 4
	1 0.0028 0.3000 0.3000 0.7000 0.7000
	9 0.1572 0.3000 0.7000 0.7000 0.3000
	7 0.0033 0.3000 0.6000 0.7000 0.4000
	10 0.5275 0.3000 0.8000 0.7000 0.2000
5843 2
	9 0.2656 0.3000 0.7000 0.7000 0.3000
	10 0.5617 0.3000 0.8000 0.7000 0.2000
5844 3
	9 0.3697 0.3000 0.7000 0.7000 0.3000
	10 0.5592 0.3000 0.8000 0.7000 0.2000
	11 0.0014 0.3000 0.5000 0.7000 0.5000
5845 3
	9 0.0961 0.3000 0.7000 0.7000 0.3000
	10 0.8553 0.3000 0.8000 0.7000 0.2000
	11 0.0028 0.3000 0.5000 0.7000 0.5000
5846 3
	9 0.0486 0.3000 0.7000 0.7000 0.3000
	10 0.9325 0.3000 0.8000 0.7000 0.2000
	11 0.0031 0.3000 0.5000 0.7000 0.5000
5847 3
	9 0.1389 0.3000 0.7000 0.7000 0.3000
	10 0.8333 0.3000 0.8000 0.7000 0.2000
	11 0.0036 0.3000 0.5000 0.7000 0.5000
5991 4
	1 0.0033 0.3000 0.3000 0.7000 0.7000
	5 0.0036 0.3000 0.3000 0.7000 0.7000
	9 0.0031 0.3000 0.7000 0.7000 0.3000
	10 0.7242 0.3000 0.8000 0.7000 0.2000
5992 5
	1 0.0028 0.3000 0.3000 0.7000 0.7000
	5 0.0011 0.3000 0.3000 0.7000 0.7000
	9 0.0264 0.3000 0.7000 0.7000 0.3000
	10 0.8633 0.3000 0.8000 0.7000 0.2000
	11 0.0058 0.3000 0.5000 0.7000 0.5000
5993 3
	9 0.1106 0.3000 0.7000 0.7000 0.3000
	10 0.7828 0.3000 0.8000 0.7000 0.2000
	11 0.0014 0.3000 0.5000 0.7000 0.5000
5996 3
	9 0.0344 0.3000 0.7000 0.7000 0.3000
	10 0.7617 0.3000 0.8000 0.7000 0.2000
	11 0.0047 0.3000 0.5000 0.7000 0.5000
5997 2
	9 0.2247 0.3000 0.7000 0.7000 0.3000
	10 0.5308 0.3000 0.8000 0.7000 0.2000
6622 3
	5 0.0014 0.3000 0.3000 0.7000 0.7000
	9 0.0025 0.3000 0.7000 0.7000 0.3000
	10 0.5333 0.3000 0.8000 0.7000 0.2000
6623 4
	5 0.0028 0.3000 0.3000 0.7000 0.7000
	9 0.0025 0.3000 0.7000 0.7000 0.3000
	10 0.6175 0.3000 0.8000 0.7000 0.2000
	11 0.0069 0.3000 0.5000 0.7000 0.5000
6626 1
	10 0.7286 0.3000 0.8000 0.7000 0.2000
6627 2
	9 0.0011 0.3000 0.7000 0.7000 0.3000
	10 0.9125 0.3000 0.8000 0.7000 0.2000
6628 1
	10 0.5903 0.3000 0.8000 0.7000 0.2000
6629 2
	9 0.0017 0.3000 0.7000 0.7000 0.3000
	10 0.5547 0.3000 0.8000 0.7000 0.2000
6781 4
	1 0.0036 0.3000 0.3000 0.7000 0.7000
	5 0.0050 0.3000 0.3000 0.7000 0.7000
	9 0.0072 0.3000 0.7000 0.7000 0.3000
	10 0.5661 0.3000 0.8000 0.7000 0.2000
6782 2
	9 0.0011 0.3000 0.7000 0.7000 0.3000
	10 0.4414 0.3000 0.8000 0.7000 0.2000
6783 2
	9 0.0308 0.3000 0.7000 0.7000 0.3000
	10 0.6450 0.3000 0.8000 0.7000 0.2000
6784 2
	9 0.0997 0.3000 0.7000 0.7000 0.3000
	10 0.4889 0.3000 0.8000 0.7000 0.2000
6785 3
	5 0.0042 0.3000 0.3000 0.7000 0.7000
	9 0.0881 0.3000 0.7000 0.7000 0.3000
	10 0.3503 0.3000 0.8000 0.7000 0.2000
6786 4
	1 0.0022 0.3000 0.3000 0.7000 0.7000
	5 0.0053 0.3000 0.3000 0.7000 0.7000
	9 0.0114 0.3000 0.7000 0.7000 0.3000
	10 0.4678 0.3000 0.8000 0.7000 0.2000
6787 4
	1 0.0019 0.3000 0.3000 0.7000 0.7000
	5 0.0014 0.3000 0.3000 0.7000 0.7000
	9 0.0603 0.3000 0.7000 0.7000 0.3000
	10 0.7625 0.3000 0.8000 0.7000 0.2000
6788 2
	9 0.2133 0.3000 0.7000 0.7000 0.3000
	10 0.6933 0.3000 0.8000 0.7000 0.2000
6789 3
	9 0.0608 0.3000 0.7000 0.7000 0.3000
	10 0.7061 0.3000 0.8000 0.7000 0.2000
	11 0.0014 0.3000 0.5000 0.7000 0.5000
6790 2
	9 0.0861 0.3000 0.7000 0.7000 0.3000
	10 0.6942 0.3000 0.8000 0.7000 0.2000
6939 2
	9 0.0069 0.3000 0.7000 0.7000 0.3000
	10 0.1344 0.3000 0.8000 0.7000 0.2000
6940 4
	1 0.0017 0.3000 0.3000 0.7000 0.7000
	5 0.0014 0.3000 0.3000 0.7000 0.7000
	9 0.0033 0.3000 0.7000 0.7000 0.3000
	10 0.4342 0.3000 0.8000 0.7000 0.2000
6941 2
	9 0.0542 0.3000 0.7000 0.7000 0.3000
	10 0.3486 0.3000 0.8000 0.7000 0.2000
6942 2
	9 0.3400 0.3000 0.7000 0.7000 0.3000
	10 0.3661 0.3000 0.8000 0.7000 0.2000
6943 2
	9 0.1261 0.3000 0.7000 0.7000 0.3000
	10 0.5497 0.3000 0.8000 0.7000 0.2000
6944 2
	9 0.1533 0.3000 0.7000 0.7000 0.3000
	10 0.4758 0.3000 0.8000 0.7000 0.2000
6945 2
	9 0.1328 0.3000 0.7000 0.7000 0.3000
	10 0.5569 0.3000 0.8000 0.7000 0.2000
6946 4
	1 0.0031 0.3000 0.3000 0.7000 0.7000
	9 0.2397 0.3000 0.7000 0.7000 0.3000
	10 0.5475 0.3000 0.8000 0.7000 0.2000
	11 0.0058 0.3000 0.5000 0.7000 0.5000
6947 4
	1 0.0025 0.3000 0.3000 0.7000 0.7000
	9 0.0886 0.3000 0.7000 0.7000 0.3000
	10 0.8386 0.3000 0.8000 0.7000 0.2000
	11 0.0125 0.3000 0.5000 0.7000 0.5000
6948 2
	9 0.0358 0.3000 0.7000 0.7000 0.3000
	10 0.8961 0.3000 0.8000 0.7000 0.2000
6949 2
	9 0.0053 0.3000 0.7000 0.7000 0.3000
	10 0.8514 0.3000 0.8000 0.7000 0.2000
6950 2
	9 0.0211 0.3000 0.7000 0.7000 0.3000
	10 0.8322 0.3000 0.8000 0.7000 0.2000
7088 5
	5 0.6139 0.3000 0.3000 0.7000 0.7000
	8 0.0042 0.3000 0.7000 0.7000 0.3000
	7 0.2944 0.3000 0.6000 0.7000 0.4000
	10 0.0072 0.3000 0.8000 0.7000 0.2000
	11 0.0800 0.3000 0.5000 0.7000 0.5000
7089 6
	1 0.0133 0.3000 0.3000 0.7000 0.7000
	5 0.6119 0.3000 0.3000 0.7000 0.7000
	8 0.0061 0.3000 0.7000 0.7000 0.3000
	7 0.2486 0.3000 0.6000 0.7000 0.4000
	10 0.0206 0.3000 0.8000 0.7000 0.2000
	11 0.0897 0.3000 0.5000 0.7000 0.5000
7090 7
	1 0.0317 0.3000 0.3000 0.7000 0.7000
	3 0.0014 0.3000 0.3000 0.7000 0.7000
	5 0.4117 0.3000 0.3000 0.7000 0.7000
	8 0.0022 0.3000 0.7000 0.7000 0.3000
	7 0.1356 0.3000 0.6000 0.7000 0.4000
	10 0.1475 0.3000 0.8000 0.7000 0.2000
	11 0.2667 0.3000 0.5000 0.7000 0.5000
7091 5
	1 0.0614 0.3000 0.3000 0.7000 0.7000
	5 0.5911 0.3000 0.3000 0.7000 0.7000
	7 0.0706 0.3000 0.6000 0.7000 0.4000
	10 0.1528 0.3000 0.8000 0.7000 0.2000
	11 0.1228 0.3000 0.5000 0.7000 0.5000
7094 6
	1 0.0069 0.3000 0.3000 0.7000 0.7000
	5 0.1647 0.3000 0.3000 0.7000 0.7000
	9 0.0181 0.3000 0.7000 0.7000 0.3000
	7 0.0061 0.3000 0.6000 0.7000 0.4000
	10 0.5492 0.3000 0.8000 0.7000 0.2000
	11 0.0189 0.3000 0.5000 0.7000 0.5000
7095 6
	1 0.0033 0.3000 0.3000 0.7000 0.7000
	5 0.0189 0.3000 0.3000 0.7000 0.7000
	9 0.0050 0.3000 0.7000 0.7000 0.3000
	7 0.0022 0.3000 0.6000 0.7000 0.4000
	10 0.2953 0.3000 0.8000 0.7000 0.2000
	11 0.0183 0.3000 0.5000 0.7000 0.5000
7096 7
	1 0.0408 0.3000 0.3000 0.7000 0.7000
	5 0.0475 0.3000 0.3000 0.7000 0.7000
	8 0.0017 0.3000 0.7000 0.7000 0.3000
	9 0.0047 0.3000 0.7000 0.7000 0.3000
	7 0.0092 0.3000 0.6000 0.7000 0.4000
	10 0.4242 0.3000 0.8000 0.7000 0.2000
	11 0.0036 0.3000 0.5000 0.7000 0.5000
7097 3
	5 0.0014 0.3000 0.3000 0.7000 0.7000
	9 0.0014 0.3000 0.7000 0.7000 0.3000
	10 0.2539 0.3000 0.8000 0.7000 0.2000
7098 1
	10 0.1369 0.3000 0.8000 0.7000 0.2000
7099 2
	9 0.0131 0.3000 0.7000 0.7000 0.3000
	10 0.3011 0.3000 0.8000 0.7000 0.2000
7100 2
	9 0.1117 0.3000 0.7000 0.7000 0.3000
	10 0.2333 0.3000 0.8000 0.7000 0.2000
7101 2
	9 0.1981 0.3000 0.7000 0.7000 0.3000
	10 0.0569 0.3000 0.8000 0.7000 0.2000
7102 2
	9 0.1947 0.3000 0.7000 0.7000 0.3000
	10 0.2658 0.3000 0.8000 0.7000 0.2000
7103 3
	9 0.2081 0.3000 0.7000 0.7000 0.3000
	10 0.4514 0.3000 0.8000 0.7000 0.2000
	11 0.0014 0.3000 0.5000 0.7000 0.5000
7104 3
	9 0.3547 0.3000 0.7000 0.7000 0.3000
	10 0.5331 0.3000 0.8000 0.7000 0.2000
	11 0.0019 0.3000 0.5000 0.7000 0.5000
7105 2
	9 0.0722 0.3000 0.7000 0.7000 0.3000
	10 0.8467 0.3000 0.8000 0.7000 0.2000
7106 2
	9 0.0025 0.3000 0.7000 0.7000 0.3000
	10 0.9283 0.3000 0.8000 0.7000 0.2000
7107 1
	10 0.9572 0.3000 0.8000 0.7000 0.2000
7108 2
	9 0.0014 0.3000 0.7000 0.7000 0.3000
	10 0.9681 0.3000 0.8000 0.7000 0.2000
7248 5
	5 0.4489 0.3000 0.3000 0.7000 0.7000
	8 0.0061 0.3000 0.7000 0.7000 0.3000
	7 0.3017 0.3000 0.6000 0.7000 0.4000
	10 0.0400 0.3000 0.8000 0.7000 0.2000
	11 0.2014 0.3000 0.5000 0.7000 0.5000
7249 6
	1 0.0642 0.3000 0.3000 0.7000 0.7000
	5 0.5589 0.3000 0.3000 0.7000 0.7000
	8 0.0019 0.3000 0.7000 0.7000 0.3000
	7 0.1811 0.3000 0.6000 0.7000 0.4000
	10 0.0694 0.3000 0.8000 0.7000 0.2000
	11 0.1211 0.3000 0.5000 0.7000 0.5000
7250 6
	1 0.0353 0.3000 0.3000 0.7000 0.7000
	5 0.5142 0.3000 0.3000 0.7000 0.7000
	8 0.0017 0.3000 0.7000 0.7000 0.3000
	7 0.1067 0.3000 0.6000 0.7000 0.4000
	10 0.0739 0.3000 0.8000 0.7000 0.2000
	11 0.2661 0.3000 0.5000 0.7000 0.5000
7251 7
	1 0.0389 0.3000 0.3000 0.7000 0.7000
	5 0.5167 0.3000 0.3000 0.7000 0.7000
	8 0.0039 0.3000 0.7000 0.7000 0.3000
	9 0.0014 0.3000 0.7000 0.7000 0.3000
	7 0.0681 0.3000 0.6000 0.7000 0.4000
	10 0.1272 0.3000 0.8000 0.7000 0.2000
	11 0.2425 0.3000 0.5000 0.7000 0.5000
7252 6
	1 0.0300 0.3000 0.3000 0.7000 0.7000
	5 0.4003 0.3000 0.3000 0.7000 0.7000
	9 0.0131 0.3000 0.7000 0.7000 0.3000
	7 0.0186 0.3000 0.6000 0.7000 0.4000
	10 0.3881 0.3000 0.8000 0.7000 0.2000
	11 0.0775 0.3000 0.5000 0.7000 0.5000
7253 6
	1 0.0483 0.3000 0.3000 0.7000 0.7000
	5 0.2075 0.3000 0.3000 0.7000 0.7000
	9 0.0253 0.3000 0.7000 0.7000 0.3000
	7 0.0108 0.3000 0.6000 0.7000 0.4000
	10 0.5228 0.3000 0.8000 0.7000 0.2000
	11 0.0317 0.3000 0.5000 0.7000 0.5000
7254 6
	1 0.0264 0.3000 0.3000 0.7000 0.7000
	5 0.0369 0.3000 0.3000 0.7000 0.7000
	9 0.0056 0.3000 0.7000 0.7000 0.3000
	7 0.0017 0.3000 0.6000 0.7000 0.4000
	10 0.4500 0.3000 0.8000 0.7000 0.2000
	11 0.0133 0.3000 0.5000 0.7000 0.5000
7255 4
	1 0.0050 0.3000 0.3000 0.7000 0.7000
	5 0.0017 0.3000 0.3000 0.7000 0.7000
	9 0.0014 0.3000 0.7000 0.7000 0.3000
	10 0.3928 0.3000 0.8000 0.7000 0.2000
7256 1
	10 0.1514 0.3000 0.8000 0.7000 0.2000
7257 1
	10 0.1031 0.3000 0.8000 0.7000 0.2000
7258 2
	9 0.0125 0.3000 0.7000 0.7000 0.3000
	10 0.0714 0.3000 0.8000 0.7000 0.2000
7259 2
	9 0.0300 0.3000 0.7000 0.7000 0.3000
	10 0.1325 0.3000 0.8000 0.7000 0.2000
7260 2
	9 0.0269 0.3000 0.7000 0.7000 0.3000
	10 0.0086 0.3000 0.8000 0.7000 0.2000
7261 2
	9 0.0878 0.3000 0.7000 0.7000 0.3000
	10 0.2383 0.3000 0.8000 0.7000 0.2000
7262 2
	9 0.0958 0.3000 0.7000 0.7000 0.3000
	10 0.4519 0.3000 0.8000 0.7000 0.2000
7263 2
	9 0.2403 0.3000 0.7000 0.7000 0.3000
	10 0.5467 0.3000 0.8000 0.7000 0.2000
7264 2
	9 0.0033 0.3000 0.7000 0.7000 0.3000
	10 0.8511 0.3000 0.8000 0.7000 0.2000
7265 2
	9 0.0047 0.3000 0.7000 0.7000 0.3000
	10 0.9317 0.3000 0.8000 0.7000 0.2000
7410 9
	1 0.0817 0.3000 0.3000 0.7000 0.7000
	2 0.0011 0.3000 0.3000 0.7000 0.7000
	3 0.0014 0.3000 0.3000 0.7000 0.7000
	5 0.6300 0.3000 0.3000 0.7000 0.7000
	8 0.0019 0.3000 0.7000 0.7000 0.3000
	9 0.0022 0.3000 0.7000 0.7000 0.3000
	7 0.0447 0.3000 0.6000 0.7000 0.4000
	10 0.1672 0.3000 0.8000 0.7000 0.2000
	11 0.0689 0.3000 0.5000 0.7000 0.5000
7411 6
	1 0.0264 0.3000 0.3000 0.7000 0.7000
	5 0.3672 0.3000 0.3000 0.7000 0.7000
	9 0.0083 0.3000 0.7000 0.7000 0.3000
	7 0.0364 0.3000 0.6000 0.7000 0.4000
	10 0.3433 0.3000 0.8000 0.7000 0.2000
	11 0.0200 0.3000 0.5000 0.7000 0.5000
7412 7
	1 0.0350 0.3000 0.3000 0.7000 0.7000
	5 0.3631 0.3000 0.3000 0.7000 0.7000
	8 0.0039 0.3000 0.7000 0.7000 0.3000
	9 0.0097 0.3000 0.7000 0.7000 0.3000
	7 0.0219 0.3000 0.6000 0.7000 0.4000
	10 0.3478 0.3000 0.8000 0.7000 0.2000
	11 0.0275 0.3000 0.5000 0.7000 0.5000
7413 7
	1 0.0375 0.3000 0.3000 0.7000 0.7000
	5 0.0744 0.3000 0.3000 0.7000 0.7000
	8 0.0047 0.3000 0.7000 0.7000 0.3000
	9 0.0044 0.3000 0.7000 0.7000 0.3000
	7 0.0092 0.3000 0.6000 0.7000 0.4000
	10 0.4917 0.3000 0.8000 0.7000 0.2000
	11 0.0628 0.3000 0.5000 0.7000 0.5000
7414 7
	1 0.1381 0.3000 0.3000 0.7000 0.7000
	5 0.0319 0.3000 0.3000 0.7000 0.7000
	8 0.0111 0.3000 0.7000 0.7000 0.3000
	9 0.0261 0.3000 0.7000 0.7000 0.3000
	7 0.0442 0.3000 0.6000 0.7000 0.4000
	10 0.4492 0.3000 0.8000 0.7000 0.2000
	11 0.0453 0.3000 0.5000 0.7000 0.5000
7415 6
	1 0.0433 0.3000 0.3000 0.7000 0.7000
	5 0.0028 0.3000 0.3000 0.7000 0.7000
	9 0.0111 0.3000 0.7000 0.7000 0.3000
	7 0.0028 0.3000 0.6000 0.7000 0.4000
	10 0.2689 0.3000 0.8000 0.7000 0.2000
	11 0.0011 0.3000 0.5000 0.7000 0.5000
7416 2
	9 0.0017 0.3000 0.7000 0.7000 0.3000
	10 0.0775 0.3000 0.8000 0.7000 0.2000
7417 2
	9 0.0139 0.3000 0.7000 0.7000 0.3000
	10 0.0653 0.3000 0.8000 0.7000 0.2000
7418 1
	10 0.0081 0.3000 0.8000 0.7000 0.2000
7419 1
	9 0.0022 0.3000 0.7000 0.7000 0.3000
7420 2
	9 0.0211 0.3000 0.7000 0.7000 0.3000
	10 0.0475 0.3000 0.8000 0.7000 0.2000
7421 2
	9 0.0169 0.3000 0.7000 0.7000 0.3000
	10 0.0992 0.3000 0.8000 0.7000 0.2000
7572 1
	10 0.2114 0.3000 0.8000 0.7000 0.2000
7573 2
	9 0.0011 0.3000 0.7000 0.7000 0.3000
	10 0.2711 0.3000 0.8000 0.7000 0.2000
7574 5
	1 0.0039 0.3000 0.3000 0.7000 0.7000
	9 0.0092 0.3000 0.7000 0.7000 0.3000
	7 0.0058 0.3000 0.6000 0.7000 0.4000
	10 0.2769 0.3000 0.8000 0.7000 0.2000
	11 0.0019 0.3000 0.5000 0.7000 0.5000
7575 3
	9 0.0103 0.3000 0.7000 0.7000 0.3000
	10 0.2294 0.3000 0.8000 0.7000 0.2000
	11 0.0058 0.3000 0.5000 0.7000 0.5000
7576 2
	9 0.0042 0.3000 0.7000 0.7000 0.3000
	10 0.0889 0.3000 0.8000 0.7000 0.2000
7577 1
	10 0.0492 0.3000 0.8000 0.7000 0.2000
7578 0
7579 2
	9 0.0147 0.3000 0.7000 0.7000 0.3000
	10 0.0117 0.3000 0.8000 0.7000 0.2000
7580 2
	9 0.0889 0.3000 0.7000 0.7000 0.3000
	10 0.0972 0.3000 0.8000 0.7000 0.2000
7731 2
	10 0.1122 0.3000 0.8000 0.7000 0.2000
	11 0.0011 0.3000 0.5000 0.7000 0.5000
7732 1
	10 0.1119 0.3000 0.8000 0.7000 0.2000
7733 1
	10 0.1061 0.3000 0.8000 0.7000 0.2000
7734 3
	1 0.0078 0.3000 0.3000 0.7000 0.7000
	9 0.0031 0.3000 0.7000 0.7000 0.3000
	10 0.0625 0.3000 0.8000 0.7000 0.2000
7735 3
	1 0.0028 0.3000 0.3000 0.7000 0.7000
	9 0.0025 0.3000 0.7000 0.7000 0.3000
	10 0.0814 0.3000 0.8000 0.7000 0.2000
7736 1
	10 0.0564 0.3000 0.8000 0.7000 0.2000
7737 1
	10 0.0161 0.3000 0.8000 0.7000 0.2000
7738 2
	9 0.0033 0.3000 0.7000 0.7000 0.3000
	10 0.0142 0.3000 0.8000 0.7000 0.2000
7739 3
	9 0.0103 0.3000 0.7000 0.7000 0.3000
	10 0.1150 0.3000 0.8000 0.7000 0.2000
	11 0.0014 0.3000 0.5000 0.7000 0.5000
7740 3
	9 0.0256 0.3000 0.7000 0.7000 0.3000
	10 0.0500 0.3000 0.8000 0.7000 0.2000
	11 0.0058 0.3000 0.5000 0.7000 0.5000
7891 1
	10 0.1600 0.3000 0.8000 0.7000 0.2000
7892 1
	10 0.0894 0.3000 0.8000 0.7000 0.2000
7893 1
	10 0.1050 0.3000 0.8000 0.7000 0.2000
7894 1
	10 0.0847 0.3000 0.8000 0.7000 0.2000
7895 1
	10 0.0306 0.3000 0.8000 0.7000 0.2000
7896 1
	10 0.0328 0.3000 0.8000 0.7000 0.2000
7897 1
	10 0.0644 0.3000 0.8000 0.7000 0.2000
7898 2
	9 0.0044 0.3000 0.7000 0.7000 0.3000
	10 0.0772 0.3000 0.8000 0.7000 0.2000
7899 2
	9 0.0019 0.3000 0.7000 0.7000 0.3000
	10 0.0433 0.3000 0.8000 0.7000 0.2000
8051 1
	10 0.1472 0.3000 0.8000 0.7000 0.2000
8052 1
	10 0.0911 0.3000 0.8000 0.7000 0.2000
8053 1
	10 0.0250 0.3000 0.8000 0.7000 0.2000
8054 2
	1 0.0014 0.3000 0.3000 0.7000 0.7000
	10 0.0333 0.3000 0.8000 0.7000 0.2000
8055 1
	10 0.0103 0.3000 0.8000 0.7000 0.2000
8056 1
	10 0.0106 0.3000 0.8000 0.7000 0.2000
8057 1
	10 0.0036 0.3000 0.8000 0.7000 0.2000
8058 1
	10 0.0050 0.3000 0.8000 0.7000 0.2000
8212 0
8213 1
	10 0.0192 0.3000 0.8000 0.7000 0.2000
8214 2
	5 0.0078 0.3000 0.3000 0.7000 0.7000
	10 0.0567 0.3000 0.8000 0.7000 0.2000
8215 1
	10 0.0031 0.3000 0.8000 0.7000 0.2000
8372 1
	10 0.0056 0.3000 0.8000 0.7000 0.2000
8373 1
	10 0.0064 0.3000 0.8000 0.7000 0.2000
8374 1
	10 0.0064 0.3000 0.8000 0.7000 0.2000
