-7.5502
-7.5665
-8.0148
-10.774
-16.505
-16.001
-17.871
-17.519
-15.922
-14.353
-11.006
-9.41
-11.428
-13.743
-14.278
-12.236
-11.585
-11.077
-10.858
-10.011
-10.094
-13.326
-12.564
-9.5723
-12.392
-10.741
-10.125
-8.7612
-8.1184
-9.3376
-10.497
-8.3187
-9.0981
-7.3614
-5.9225
-5.3191
-6.4635
-7.6757
-8.7486
-9.8219
-9.3509
-8.7484
-7.7231
-6.9639
-7.0995
-7.4936
-9.3555
-9.454
-7.9781
-6.7862
-7.5957
-7.1061
-6.1535
-5.3731
-6.4012
-7.325
-6.6852
-6.977
-5.1078
-8.5761
-9.405
-10.748
-9.4791
-8.4284
-8.0114
-7.9347
-8.1429
-10.419
-10.597
-9.7296
-10.506
-8.2283
-8.5791
-5.5938
-4.809
-4.0321
-2.3791
-2.1906
-2.2891
-2.3767
-2.6706
-4.8348
-3.9844
-3.8668
-4.5164
-4.2785
-2.8543
-1.1505
-2.1083
-2.6006
-4.595
-4.9822
-3.993
-3.2138
-3.5169
-5.002
-2.7425
-1.7293
-2.0829
-0.76493
-1.3327
-1.8921
-0.50867
1.9005
1.0728
0.49478
-1.0332
-2.5867
-1.6619
0.45114
1.1678
0.77517
-0.078802
-0.13163
-0.48362
-0.0084595
0.28954
1.2979
2.1
1.8223
1.2553
1.5121
1.7905
2.3468
2.0892
1.2049
1.31
1.675
1.9606
1.6747
0.85937
1.4375
2.9884
3.3249
3.0857
1.8831
2.0752
2.9957
3.7119
3.1372
3.2398
2.9124
1.6549
2.4243
3.0829
4.2657
3.8509
3.0907
2.8931
2.9479
3.979
5.7963
6.2543
6.1848
5.6278
3.5713
3.6054
3.911
4.5942
5.2987
6.7114
7.3897
7.0024
6.5204
6.9235
7.768
7.4582
7.2545
7.0117
7.5129
8.0454
8.0575
8.1838
7.8095
7.4132
7.7572
8.0656
7.6948
8.2805
7.9844
7.3792
7.6096
8.3043
8.6113
8.3785
7.3255
7.0957
6.8216
6.6701
7.1216
7.4838
7.8621
8.3599
8.3069
8.3074
8.5236
8.1502
7.6379
7.7547
8.0511
7.8903
7.5936
7.5216
7.5319
7.5154
8.1714
7.7044
7.3523
7.035
7.4622
7.7055
7.2306
7.2667
7.3216
7.2707
6.6841
6.9584
7.3593
7.6605
6.8094
7.6485
8.2863
8.6888
8.5821
7.9238
7.7178
6.9344
7.2585
8.5416
8.1828
7.9916
8.0356
6.9196
6.6477
6.7564
7.2517
8.0333
7.5874
7.467
7.518
7.3417
6.8113
6.896
7.2672
6.6977
6.0266
6.093
5.7042
6.2976
5.6014
5.2182
5.0251
5.2028
6.3651
6.213
6.1008
5.3229
3.8408
4.444
5.0096
4.9025
3.995
3.4981
4.8612
4.9709
5.5586
5.1264
4.2893
4.9961
4.6228
3.265
2.7393
4.0441
5.9621
6.1433
5.5942
5.3361
4.7707
4.2446
3.9428
4.85
4.1102
3.2309
3.7695
3.7631
3.8848
3.8006
4.2657
4.5121
4.1073
3.8581
-2.1353
-5.0763
-4.3615
-3.7109
-3.5089
-3.1159
-1.1284
-4.7234
-6.6089
-7.8157
-7.7283
-7.5169
-5.5106
-4.734
-7.1356
-5.6341
-5.402
-10.316
-9.537
-7.6459
-7.3651
-2.7707
-2.9698
-4.0636
-4.5402
-4.6529
-4.9375
-3.8039
-2.7099
-2.8701
-3.8336
-4.2686
-3.5165
-4.2573
-4.7014
-6.2318
-5.5562
-6.2426
-6.2038
-7.2121
-7.9628
-6.4937
-5.3825
-5.5323
-4.9807
-4.542
-6.4136
-6.2389
-5.2004
-6.1823
-6.9095
-5.7866
-3.8094
-2.6882
-7.9155
-8.3865
-12.395
-13.998
-14.631
-13.618
-14.695
-13.863
-12.013
-9.9213
-10.74
-10.371
-11.803
-11.354
-9.9508
-9.1548
-7.2891
-8.8843
-7.6461
-7.2458
-6.4224
-5.792
-5.2989
-4.3061
-4.8108
-5.6812
-5.2246
-3.8974
-4.5979
-5.6015
-11.739
-12.072
-14.135
-13.535
-12.206
-12.732
-11.75
-12.412
-13.67
-11.756
-13.739
-13.264
-13.515
-13.461
-6.3045
-6.3756
-6.1059
-9.3451
-10.561
-7.6428
-5.401
-4.8945
-7.191
-7.4148
-8.5595
-9.5046
-9.3929
-9.4171
-10.413
-10.14
-6.9573
-7.7185
-7.0605
-9.5356
-8.7381
-8.1851
-7.9313
-11.364
-12.836
-13.861
-11.564
-9.9857
-11.274
-11.397
-11.591
-8.8852
-7.9081
-7.8727
-5.7075
-8.3632
-6.51
-11.854
-11.055
-8.6881
-8.0464
-11.988
-12.617
-11.502
-11.613
-12.338
-11.517
-9.5678
-7.0025
-6.2256
-7.7096
-8.0464
-7.7136
-6.0548
-5.633
-3.2101
-0.50611
0.0094849
-0.21888
-2.0878
-4.1957
-2.7572
0.56594
1.9159
2.2154
0.2575
-2.004
-3.6105
-1.5223
0.097955
-1.2136
-0.93452
-2.7367
-4.7828
-3.436
-2.8591
-0.89985
-1.052
-1.6732
-1.5941
-0.62507
-0.9762
0.20117
-0.26292
-1.2023
-1.4208
-0.37824
0.58187
0.44372
0.85574
0.47064
-0.034186
0.28195
0.91601
0.044458
0.92114
1.7611
2.0854
1.5583
1.3963
1.7439
2.1337
2.312
2.434
3.0387
2.2288
2.5155
2.1843
1.6622
1.4131
1.05
0.22192
-0.1587
0.55145
1.2335
1.3847
1.5104
1.4241
2.6638
2.4845
3.5202
4.0113
4.1984
3.9709
3.365
3.9993
4.7017
4.9346
5.0648
5.5568
5.6218
5.6091
7.1444
7.5134
6.6295
6.8701
7.2587
5.9871
4.7466
5.3982
6.7435
6.86
6.9083
6.5522
6.716
6.5517
6.4436
6.1349
6.6764
6.8646
6.7441
5.9401
6.6809
6.7145
6.3416
6.6446
6.7606
7.852
8.1597
8.3678
8.2058
8.2778
8.0818
8.3343
8.4051
8.3654
8.1049
7.6284
7.7617
7.417
7.866
8.1178
8.4885
9.0688
8.6857
8.4881
7.561
7.0965
7.5187
7.8268
7.6663
7.435
8.1182
8.7603
8.7002
8.0456
7.1034
6.7984
6.805
6.6669
7.5984
8.0619
7.6342
7.4552
6.881
7.0256
7.5687
6.839
6.9487
5.9899
6.2309
7.1449
7.4708
7.2389
6.5796
6.8137
7.2004
7.1327
6.8404
6.8322
7.3988
7.6148
7.7704
7.8411
7.0992
6.867
6.8205
6.9147
6.194
6.228
6.686
7.458
7.3648
7.775
7.31
7.2453
7.1899
7.0706
6.3671
6.1437
7.2863
7.3986
7.7291
7.0066
6.5012
6.1228
6.0355
5.8689
5.5397
5.0443
4.7063
3.284
3.0679
2.33
2.7772
2.6355
2.3413
2.0696
1.2677
0.93539
1.5533
1.9291
0.97338
1.4147
1.6233
1.0131
0.20184
0.020593
-0.80408
-0.69648
-0.13083
0.36154
-0.3726
0.57742
1.2926
2.2343
2.6057
1.746
1.2348
0.76098
0.12896
0.59686
-0.6645
-8.4387
-11.871
-10.223
-10.485
-9.9005
-9.1622
-7.4909
-7.9688
-7.5753
-8.5064
-8.3491
-9.3792
-7.9558
-6.8333
-7.0616
-4.3678
-7.8932
-8.8232
-9.4468
-9.1749
-7.6596
-1.4093
-0.48173
0.84179
1.3045
0.61199
1.6305
0.68612
-0.93738
-3.7912
-5.0396
-6.2458
-6.1411
-5.6164
-5.5325
-6.8743
-7.9283
-7.8902
-6.3278
-6.682
-7.319
-8.2391
-7.2622
-6.3323
-4.0024
-1.9836
-3.405
-2.3321
-0.84662
-2.087
-4.1762
-6.644
-6.694
-5.1159
-5.9375
-6.0324
-9.2377
-9.3707
-9.7044
-10.317
-11.514
-12.287
-11.229
-6.7336
-7.303
-8.6655
-12.622
-10.783
-12.026
-13.352
-11.115
-9.2276
-9.0305
-8.4781
-7.5627
-7.4321
-8.9428
-14.279
-15.48
-15.055
-16.993
-12.764
-15.151
-13.819
-12.037
-14.144
-12.025
-12.526
-11.654
-11.986
-11.324
-9.5436
-8.6257
-7.7395
-7.593
-5.7202
-9.2578
-12.315
-13.215
-11.493
-11.296
-11.324
-11.239
-10.747
-9.6593
-11.238
-11.24
-10.206
-10.491
-10.051
-9.1195
-7.4023
-9.0041
-10.099
-11.027
-12.469
-11.228
-12.182
-10.679
-10.561
-12.286
-12.223
-9.9715
-11.321
-13.42
-11.968
-9.7809
-7.0014
-7.1023
-7.0471
-9.3875
-11.019
-9.5167
-7.8123
-6.8386
-6.2751
-6.9341
-7.8621
-8.1872
-6.8929
-6.2029
-7.4025
-7.0068
-4.9183
-5.891
-5.212
-1.8861
-3.9717
-7.6683
-6.8157
-4.5627
-2.5292
-0.38865
0.25631
-1.4746
-2.4034
-1.3365
-0.581
-3.9119
-2.5255
-2.5371
-3.0957
-4.8449
-5.7831
-5.7593
-5.2536
-4.1394
-2.8094
-4.418
-3.5355
-3.7462
-3.1893
-1.3821
-0.73917
-1.158
-1.1841
-3.7689
-3.0295
-2.7017
-2.9225
-2.449
-2.4028
-1.3529
0.77545
1.2815
0.60189
0.83233
0.16891
1.3505
0.35757
0.0039307
1.123
1.8085
1.3167
1.6893
0.76638
1.4399
2.0892
2.089
1.6309
2.1959
2.7402
2.0307
2.6834
3.1271
2.6409
2.9128
2.7981
2.7662
2.0595
1.3573
0.82781
1.7602
2.2556
2.6063
3.4574
3.6829
3.9545
3.9928
6.7856
7.1132
7.365
7.1235
6.3495
6.1197
5.917
5.3371
4.3825
3.4753
4.3664
4.2241
4.9923
5.6312
5.9133
6.0173
6.4567
6.2623
7.1663
7.6648
8.0497
8.2522
7.747
7.0038
6.4358
6.4545
6.6926
7.424
8.111
8.9388
8.6821
6.8696
7.231
8.3338
7.9737
8.0814
8.0834
7.6439
6.8184
6.8877
7.3084
8.3801
8.7695
8.697
8.3093
8.0757
8.0167
8.02
8.2874
8.4714
9.1598
9.3377
9.1685
8.0311
7.1728
7.4129
7.619
7.866
9.0367
8.2061
7.9049
7.223
6.5867
6.5542
7.1803
6.7053
6.601
6.6313
6.7826
7.3207
7.0961
7.5187
7.211
7.3075
8.2785
7.569
7.5103
6.942
7.7726
7.0345
7.1787
8.1783
8.1585
7.8277
8.2185
8.5901
8.4024
7.9301
7.3224
7.4305
7.6884
7.1919
7.1649
7.7077
7.5233
6.9594
6.908
7.0867
7.0084
6.3245
6.2272
6.1903
5.7825
7.1641
7.313
6.9355
6.7827
7.1317
6.7324
6.2892
5.4309
5.7646
6.2194
5.71
4.6147
5.261
4.8807
4.1289
3.9041
4.8497
4.9531
4.7119
4.9649
4.6544
4.4625
4.9896
5.0279
5.3908
5.055
4.7933
3.8521
3.7363
4.5326
4.8071
2.3802
1.523
1.4017
0.38949
-1.0084
-0.65128
0.62423
1.0521
0.75845
0.47357
1.4099
-6.4719
-9.1211
-9.604
-8.4373
-7.1766
-5.9679
-4.7075
-5.668
-8.234
-9.1574
-9.805
-8.6305
-8.6327
-8.4903
-9.4757
-9.5244
-7.4872
-8.1917
-10.716
-9.8038
-8.2139
-3.3874
-2.7153
-2.8571
-2.7157
-2.714
-4.0972
-4.6679
-4.3833
-4.6947
-4.545
-2.9721
-3.3378
-4.3358
-4.3463
-5.6736
-7.6017
-8.2845
-8.8519
-8.4663
-8.4918
-8.3264
-6.949
-7.1952
-6.1238
-5.5191
-4.0865
-5.7641
-7.1292
-8.7857
-7.2907
-5.7193
-6.8745
-7.9331
-8.7211
-10.383
-12.846
-12.955
-12.821
-13.215
-12.761
-11.992
-10.044
-8.0469
-10.935
-10.455
-11.71
-14.034
-12.3
-8.5274
-4.5777
-5.6415
-5.6317
-7.0959
-7.2662
-6.5044
-5.0128
-10.37
-11.998
-11.614
-11.018
-10.072
-13.076
-11.731
-5.2839
-10.529
-12.217
-13.201
-15.027
-14.692
-13.591
-12.218
-12.356
-11.963
-12.733
-11.771
-11.503
-11.213
-8.1631
-5.7805
-3.0133
-2.1627
-1.7502
-3.695
-5.4479
-7.7197
-4.8679
-8.3117
-10.09
-9.3618
-8.0922
-7.8686
-10.204
-7.6121
-8.4139
-9.2938
-8.5106
-7.1831
-5.7599
-6.1305
-7.6714
-11.628
-12.233
-12.641
-10.476
-8.6973
-8.2961
-9.2175
-6.9104
-7.1898
-8.733
-8.9363
-7.3281
-10.361
-9.1865
-6.9955
-8.5949
-7.2705
-6.1692
-4.438
-6.4699
-5.7485
-3.8366
-4.2477
-3.428
-3.4341
-0.99842
-2.1654
-3.6193
-1.3126
-0.51368
-0.73133
0.80361
2.5356
1.8625
1.4721
3.5266
4.0442
3.2248
3.2136
-0.61399
-2.2792
-3.7297
-3.2109
-4.9372
-5.6575
-4.4701
-2.5376
-1.6435
-3.2347
-2.7693
-1.2305
0.35293
-0.1868
-0.22642
-0.015601
0.56689
-0.48582
0.42162
0.51901
1.2492
0.97064
1.2466
0.14251
0.6069
1.4868
1.0714
0.77734
0.56573
0.32754
1.1136
1.6071
2.7926
3.0537
2.8719
2.78
2.4658
2.0429
3.1561
2.9247
3.5612
3.4027
3.8733
4.1845
4.8095
5.5474
5.1273
3.8557
4.4433
5.6538
5.1186
4.1833
4.9762
4.9729
5.4246
5.6527
5.6837
5.5821
5.6913
5.9857
6.0915
5.5545
5.4183
6.6725
6.8415
6.7241
6.962
6.9524
6.6519
6.7998
6.5723
6.1102
5.8935
7.1032
7.4217
7.3005
6.1491
6.5699
6.4239
7.0285
7.5856
7.1538
6.9098
6.6243
6.7836
7.2696
6.5489
6.0225
6.4143
6.5983
6.304
7.0763
7.5089
7.182
7.3016
7.5961
7.3221
7.3975
7.3918
7.2837
7.5017
7.0767
5.8405
5.1563
6.1034
6.598
6.4416
5.2267
4.6622
7.2528
7.4101
7.1867
7.3514
7.2129
7.4751
7.3628
6.894
6.8475
6.3861
6.4091
6.9196
6.9199
5.5289
5.4707
5.8045
6.6765
6.2114
6.3034
6.1706
5.5828
5.9099
5.626
5.9013
6.4027
6.6889
6.2928
5.5925
6.1541
6.7672
7.0782
7.0122
6.1567
6.2736
6.3506
6.3658
6.6576
6.8887
6.4513
6.9101
7.2275
6.6754
6.6824
6.4245
5.6927
5.4979
5.8751
5.9545
6.4861
6.1603
5.5504
5.4381
5.4019
5.2096
5.2577
4.9119
5.8432
6.0814
6.1133
5.4009
5.357
5.2354
4.1392
3.313
2.9356
2.5531
1.8106
1.2331
1.2784
1.2523
1.7988
1.9887
2.228
1.6325
5.1776
6.9131
6.1707
6.3645
5.9079
4.3724
4.2232
4.1817
4.766
3.8814
3.8519
5.2329
6.1797
5.1371
4.9806
5.3054
5.9439
6.6939
6.7351
4.7342
3.4232
-3.8915
-4.9012
-7.2188
-5.4808
-5.0097
-4.495
-3.0608
-8.2244
-7.9719
-7.2181
-8.1005
-7.4469
-7.7682
-6.6312
-9.9753
-9.5102
-8.4099
-10.812
-11.921
-11.705
-12.664
-4.7049
-3.3767
-3.6601
-3.422
-3.1052
-2.1852
-2.4524
-2.6772
-4.1701
-4.4829
-4.2898
-4.851
-4.8685
-6.1643
-6.8084
-5.8537
-5.8474
-5.6619
-4.749
-3.882
-3.0994
-2.6169
-2.4303
-2.5642
-2.6434
-3.8074
-4.136
-4.2064
-3.9463
-4.2264
-3.1282
-3.9578
-7.1696
-7.2275
-5.8512
-11.085
-11.353
-9.1661
-9.0085
-8.2713
-10.181
-10.681
-8.2406
-9.5455
-8.3611
-9.135
-9.5807
-9.699
-7.8139
-3.7114
-3.3262
-4.759
-7.7889
-7.6776
-6.7243
-9.1374
-14.062
-14.311
-15.163
-15.949
-14.335
-15.327
-16.513
-16.014
-15.743
-13.511
-11.435
-10.337
-10.316
-10.258
-8.4526
-7.9722
-7.9695
-7.9596
-8.6847
-7.0083
-8.1646
-7.1839
-5.8891
-6.8374
-8.0779
-7.3753
-6.4198
-5.7199
-7.4133
-5.8666
-8.2775
-8.4871
-8.8517
-7.9585
-6.5501
-10.275
-9.2822
-10.731
-10.527
-9.0506
-8.6761
-7.0391
-5.5515
-6.988
-8.2912
-8.2787
-6.2776
-5.0322
-4.4227
-7.5526
-6.6272
-6.2554
-4.7259
-4.6672
-5.5135
-3.8267
-4.0391
-3.336
-6.704
-4.9539
-5.8433
-4.6139
-2.2224
-5.0063
-6.1486
-6.2152
-6.1684
-5.939
-3.274
-0.97928
-0.96143
-2.9818
-2.2179
0.18206
-0.0088257
0.78784
2.4638
1.3536
2.5313
3.7469
3.5086
3.0751
2.1982
2.8699
-0.14118
-1.2571
-2.7831
-3.2292
-3.4603
-2.421
-1.4172
-1.6245
0.013422
-0.91004
-0.46476
-0.81544
1.2562
1.1027
-0.11063
-0.47828
0.9096
1.1279
1.8614
2.6174
3.5736
2.5921
1.847
0.42767
0.33987
0.87255
0.69045
0.45559
-0.18482
0.22674
0.26846
-0.27885
0.14605
-0.00043335
-0.64594
0.40438
1.032
1.5167
1.9488
2.1166
0.96697
0.97238
2.0274
1.9398
2.0437
2.1051
2.7682
3.65
3.4514
3.66
2.337
1.9945
2.421
3.6905
4.7415
5.6108
5.4867
5.262
5.4119
5.1167
4.576
5.0273
5.7672
6.4387
5.8576
5.467
3.882
4.872
5.9268
4.6999
4.7721
6.3523
6.9186
6.7668
6.2231
6.406
6.9466
6.9354
7.1553
7.3968
7.5148
8.1396
8.4716
8.2409
7.9192
8.1412
8.2815
8.7887
7.8926
7.3514
7.3622
7.1841
7.0365
7.3208
7.2917
7.2836
6.4769
6.8176
6.9287
6.9147
6.7207
6.2813
6.1026
5.503
4.9441
5.626
6.59
5.2706
5.6748
6.245
6.2179
6.1922
6.545
6.4519
6.1431
5.7078
5.6915
5.8778
6.1767
6.194
5.8446
5.7765
6.1482
6.3787
6.5424
6.7158
6.9273
7.338
7.1115
7.138
7.4008
7.7382
8.0174
7.9353
8.0467
8.2976
8.0264
8.0744
8.0071
7.8336
8.0113
7.9354
7.5048
7.7509
7.5783
7.4901
7.0758
7.0114
7.1508
7.3644
7.106
7.258
7.3079
7.6803
7.9524
7.6637
7.011
6.7107
6.9209
6.8231
6.5947
6.1872
6.4121
5.4838
4.6906
4.5728
4.3307
5.225
4.2824
3.4726
4.08
3.8356
4.4097
5.172
5.2377
3.8162
4.0506
4.0939
5.1825
5.2426
4.2892
2.716
1.7748
2.9994
2.5807
3.2625
3.5257
3.0616
3.8211
3.4894
3.1342
2.7626
2.9456
3.0798
4.153
4.3138
4.3075
3.529
3.9231
3.2567
2.6737
0.40435
-0.60642
-5.4588
-5.2867
-6.1165
-7.996
-9.3281
-8.3438
-7.8303
-9.6784
-9.8155
-8.3132
-9.2261
-8.8429
-9.8793
-8.104
-9.5877
-11.426
-12.293
-10.337
-10.726
-10.917
-9.6222
-4.6332
-3.5106
-3.1502
-2.6522
-2.1896
-2.7873
-3.0283
-3.159
-4.803
-4.9197
-4.7885
-4.3165
-4.5958
-4.0006
-5.9451
-6.5819
-7.4767
-6.8786
-5.1381
-4.8909
-6.3985
-6.2488
-5.6424
-5.2182
-4.1969
-2.7225
-3.4243
-5.6552
-7.7225
-8.364
-7.1245
-4.318
-3.6718
-2.1164
-2.6882
-8.4033
-9.8156
-10.828
-11.038
-11.974
-9.2443
-8.4843
-7.3444
-9.4896
-9.6211
-9.52
-6.4699
-12.057
-11.707
-9.1655
-6.0042
-3.5249
-4.5685
-3.258
-4.3261
-5.3219
-9.1133
-10.711
-9.6945
-10.549
-10.895
-11.396
-11.703
-12.913
-10.721
-11.384
-14.037
-14.746
-13.692
-13.455
-9.4603
-9.0391
-9.3255
-8.9226
-7.8232
-9.1438
-7.6739
-6.77
-5.972
-5.1685
-5.3086
-7.1664
-7.0434
-6.841
-8.8248
-8.4597
-9.466
-9.2141
-7.7739
-5.3662
-4.085
-4.9117
-7.7953
-8.8598
-8.2612
-8.0866
-10.912
-11.196
-10.418
-9.2629
-7.6943
-6.2527
-6.9518
-7.3448
-7.5971
-8.1132
-11.24
-11.632
-10.334
-8.5358
-10.162
-9.1415
-9.738
-8.6161
-8.8458
-9.267
-9.5358
-9.2867
-6.8891
-6.3033
-6.4208
-5.3552
-5.6351
-7.7943
-7.8749
-6.8678
-5.5933
-3.3475
-4.0234
-4.9172
-4.2261
-2.7524
-2.0127
-2.5775
-3.9208
-3.0627
-0.60331
1.3336
0.8746
1.9126
-1.1299
-4.2974
-5.1287
-6.7581
-7.1009
-6.7983
-5.19
-3.4732
-2.6812
-1.441
-0.51633
-0.74003
-0.99735
-0.084387
0.65771
-0.67625
-0.82557
-1.8125
-1.6434
-0.43491
-0.3856
-0.33143
0.56414
0.61251
0.17053
0.27978
-0.5297
-0.83835
-1.2929
-1.6844
-0.88645
0.68945
1.7821
0.92434
0.01983
0.07287
-0.72257
-0.13651
1.1489
1.3727
0.88494
0.24856
0.79327
1.8971
1.4254
1.6686
1.99
1.6657
0.68881
1.115
1.6467
1.3046
0.84097
-0.88837
0.5024
1.1805
0.6647
1.3733
0.49523
1.4056
1.7176
2.6778
4.0661
3.7312
3.6928
4.4277
5.488
5.5362
5.5992
6.1335
6.5547
6.7108
7.1513
7.0622
6.5912
6.5489
6.8277
6.9886
7.2002
7.4121
7.63
7.5438
8.4726
8.5669
8.2837
8.0051
8.4747
8.6492
7.9588
7.7066
7.0879
7.9189
7.3582
7.4442
8.4869
7.9018
7.6961
7.2561
6.2487
5.6257
6.1732
7.3883
7.388
6.9939
7.2296
7.6524
7.9121
7.6325
7.1511
6.6207
7.5392
6.8057
5.9382
5.8015
6.5772
6.6612
7.1591
6.1749
5.721
6.7961
7.2989
6.945
6.9137
6.538
6.4662
6.0772
5.1872
5.1851
5.9718
6.9817
7.508
7.0749
7.33
7.4874
6.7837
6.1878
6.7215
7.4642
7.0307
7.0469
7.466
7.3829
7.0347
7.1016
7.2203
6.966
6.5008
7.1392
7.0074
6.55
6.5321
6.6978
6.9286
6.9347
7.1716
7.6625
7.3224
7.295
7.0099
6.416
6.6143
6.6901
5.8269
5.1808
4.1963
3.1745
3.6006
4.1369
5.358
5.6461
5.3123
5.7268
4.8047
3.752
3.3097
3.6328
4.0302
4.1947
3.2867
2.3662
1.7745
3.1604
2.3474
2.2619
4.3237
3.7265
3.2041
3.9018
3.7764
5.6302
4.8617
4.47
3.4824
2.14
1.1164
0.47091
0.55285
0.90563
0.37817
-0.053351
-0.14731
-0.57896
0.2824
-5.3348
-6.2704
-5.5307
-5.8157
-5.6986
-6.4388
-5.7939
-7.8483
-7.5066
-7.0801
-7.5417
-6.9835
-5.8707
-5.9254
-7.37
-6.746
-8.753
-7.7766
-7.818
-6.217
-6.6116
-3.4964
-3.3286
-3.7707
-3.2885
-2.3104
-0.91825
-1.5406
-3.2074
-2.2214
-1.0197
-1.5604
-1.8625
-1.9507
-2.4426
-3.9149
-4.7624
-4.8327
-5.1012
-5.5874
-5.3255
-6.0353
-6.6217
-4.1537
-3.8289
-4.5071
-4.8905
-3.8615
-4.2207
-4.7021
-4.9202
-6.3256
-9.4115
-9.2891
-6.3035
-6.767
-15.738
-16.109
-12.716
-10.496
-13.46
-14.373
-14.553
-13.242
-13.967
-12.396
-10.545
-10.911
-10.113
-9.8467
-10.987
-10.772
-12.209
-9.6006
-10.178
-10.047
-7.3657
-12.933
-11.967
-9.0635
-10.53
-14.36
-13.472
-10.232
-11.547
-12.96
-13.769
-14.243
-12.895
-10.172
-13.929
-11.321
-12.143
-11.214
-10.802
-11.058
-10.458
-8.5158
-7.1348
-7.6768
-7.3037
-8.5912
-8.1902
-8.3241
-6.2912
-9.4517
-7.669
-7.0998
-7.031
-5.5165
-5.9305
-5.4526
-9.9637
-8.8485
-7.6626
-6.6316
-9.0184
-8.216
-8.2035
-8.6086
-8.2659
-9.3168
-10.757
-9.992
-8.7112
-7.0404
-9.2081
-8.8543
-8.7497
-9.8432
-7.5329
-11.975
-10.129
-9.6179
-9.1094
-9.0683
-8.8337
-9.0079
-8.223
-7.3068
-9.1979
-11.052
-9.7517
-9.2421
-7.9699
-7.7376
-5.74
-4.4746
-5.2746
-5.4541
-4.7429
-4.536
-5.0632
-2.5973
-1.3492
-0.63709
-0.25522
0.089288
-0.5745
0.19097
1.2564
0.22744
-0.82444
-2.1021
-2.8837
-3.5012
-2.622
-1.1219
-0.9567
-0.57633
-0.49753
-1.6473
-3.2748
-4.4943
-4.0412
-2.8334
-3.4514
-1.9221
-1.1804
-0.72318
-0.92518
-0.92359
0.67425
1.8423
0.84323
0.70022
0.81115
-0.64619
-2.147
-1.6377
-1.4574
-0.45795
-1.1622
-0.67972
-0.61967
-1.2391
-2.5635
-1.7813
-1.424
-0.16114
0.11138
0.66409
-0.32035
-0.76642
1.326
1.8679
1.6766
2.6975
3.3152
1.9206
1.9917
2.1349
4.1214
4.9486
4.6042
4.6051
3.6624
2.6779
3.5758
4.8856
4.6849
4.5392
5.1614
5.5332
6.3011
6.4927
7.2292
7.0041
6.9108
6.9946
6.8638
6.7736
6.311
6.9857
7.227
6.6523
7.0368
7.5144
7.555
7.9996
7.4116
6.5597
6.001
6.1679
6.0354
7.3838
8.0981
7.3639
7.9676
8.542
8.4753
8.27
7.917
7.8773
7.8783
8.0941
7.968
8.0394
7.9297
7.1928
7.3162
7.774
7.6286
7.5442
7.2706
7.6794
7.9106
7.7219
8.3519
8.7077
8.6162
8.2641
8.2777
8.4245
8.4921
8.2115
7.8499
6.4938
5.5152
6.6526
7.6642
7.943
7.9929
8.169
8.2612
7.884
7.2961
7.3512
7.1767
6.4524
6.0916
6.8293
7.1454
6.5574
5.8597
5.3914
4.7418
4.5865
5.4558
5.9641
6.3954
6.4494
6.3948
6.5692
6.9151
6.9966
6.4924
6.3331
6.7641
7.1753
7.753
6.6571
6.3685
7.0723
7.459
7.4318
7.7692
7.6542
7.7954
7.7852
7.4122
7.4336
6.7723
6.0181
5.5511
5.6003
5.4203
6.4191
5.2363
4.6107
5.1254
5.7054
6.5929
6.4454
6.7124
6.0975
5.3616
5.3094
5.6268
5.8095
6.0634
5.8643
5.0226
2.2652
2.0158
1.1215
2.5627
2.3109
2.4011
3.404
2.1791
2.2117
1.9144
1.0911
0.72555
0.15869
0.83837
1.874
1.884
1.5842
1.1991
1.6527
2.5102
3.4894
-2.0345
-5.8485
-9.1656
-7.687
-7.9325
-5.8257
-5.1147
-7.816
-7.8848
-8.2566
-7.9625
-8.4066
-8.0636
-10.529
-12.99
-12.734
-11.673
-12.488
-13.001
-10.418
-10.241
-4.8024
-5.1541
-4.5192
-4.0241
-4.7363
-5.8604
-6.6283
-6.3423
-7.078
-7.0245
-6.3594
-6.3413
-5.9996
-4.7463
-6.8849
-8.0234
-8.043
-7.773
-7.6928
-6.3724
-6.71
-6.5977
-4.2311
-4.7409
-3.7929
-4.5567
-6.8549
-7.6415
-6.8873
-5.8381
-4.3194
-3.0849
-1.0479
-3.8464
-7.661
-13.665
-12.32
-11.385
-12.42
-12.551
-12.734
-10.949
-9.9882
-9.7072
-11.221
-11.441
-10.669
-10.877
-9.7607
-7.7765
-6.1285
-6.3366
-5.7045
-0.12626
0.82678
0.71719
-0.10261
-0.42148
-4.8677
-7.0325
-5.7093
-4.064
-4.1618
-7.5789
-9.399
-10.901
-10.439
-13.381
-12.253
-12.038
-9.577
-9.8524
-9.8937
-10.692
-11.974
-15.179
-15.275
-11.44
-11.132
-9.9295
-8.1982
-8.7271
-7.2536
-5.6633
-4.1557
-4.1719
-1.5076
-0.57142
-1.2667
-1.8191
-2.3421
-7.1033
-6.8518
-6.3427
-7.4707
-7.5694
-7.0423
-5.9535
-8.546
-10.443
-10.423
-10.531
-7.0729
-5.3411
-4.9056
-7.9685
-7.4966
-11.997
-12.542
-7.4755
-6.0478
-5.791
-8.6372
-7.4963
-8.9912
-8.4162
-6.8355
-5.7031
-4.7073
-4.9311
-3.8233
-6.3866
-5.0434
-4.0191
-4.888
-3.9231
-6.4952
-7.1252
-5.7841
-4.8406
-3.4164
-3.9051
-4.9259
-4.8095
-3.7554
-2.8299
-1.3129
0.14166
0.67043
0.065912
-0.28455
-1.9004
-1.4252
-2.9584
-5.7404
-3.5283
-1.6922
-1.7542
-2.2018
-1.2225
-0.71165
-1.462
-1.2766
0.68051
1.8163
1.0506
0.28732
-0.74503
-0.41132
0.39498
-0.56379
-0.018591
0.87316
-0.038397
-0.088446
0.70315
0.081903
0.69036
0.48013
0.049554
1.0037
0.99618
2.1049
3.0373
3.5205
3.3147
2.1808
0.73379
-0.055365
0.8684
1.8813
3.3419
2.0293
2.5458
3.7477
3.0618
3.1147
2.2499
1.9889
2.4274
2.9697
3.1244
3.8502
3.9167
3.2792
3.7069
4.3903
4.3946
4.6602
5.1845
5.4991
5.7037
5.1976
4.9787
4.9846
4.2407
4.3799
3.6116
4.701
5.7702
5.6126
4.8066
5.1517
6.7949
6.1551
6.062
6.2773
5.9043
5.6464
5.9548
5.1098
4.8974
5.9268
6.5708
7.0769
7.2207
6.8862
6.9185
7.0883
6.9959
8.1948
8.034
7.6688
7.2437
8.2513
7.8066
7.2737
7.1653
7.4825
7.7176
7.3974
7.9855
8.0388
8.2982
8.0804
7.694
6.6561
5.5904
6.3318
6.7693
7.4495
7.2518
6.425
7.5348
8.024
7.7803
7.2114
7.1899
7.9779
7.9843
7.5343
6.7262
7.8996
7.9178
8.0776
7.4676
6.6398
7.2251
6.5861
7.0872
8.2058
8.3244
7.9953
7.4011
7.3257
7.1916
6.9343
7.1163
7.3761
7.5579
7.6859
7.3871
6.8971
6.3703
6.5807
6.4681
6.8201
6.3808
6.5202
6.7953
7.0167
6.994
6.6106
6.6372
6.3747
5.952
6.5719
6.7397
6.0902
6.2141
7.0413
7.2012
6.7404
6.1668
5.6786
4.9964
4.9548
5.2263
5.5769
4.6414
4.8994
4.5596
3.4849
4.1807
4.8266
5.7091
6.5561
6.1663
5.5214
5.1929
6.5937
7.2985
7.2158
6.0289
5.7083
5.1527
3.9426
4.8436
4.9815
4.2894
5.309
4.9244
2.9043
1.8817
2.2712
1.3686
1.9517
2.7692
2.7393
2.6975
1.28
0.67983
2.5135
4.2907
2.9136
2.739
1.0015
-0.79276
0.46511
1.3882
-5.1451
-6.4515
-7.2859
-7.9023
-7.0569
-6.2548
-6.908
-9.6968
-9.9443
-10.021
-9.6713
-8.1582
-9.3845
-8.0599
-7.985
-7.9929
-8.3228
-7.9712
-7.8713
-8.5064
-8.387
-2.5516
-1.87
-1.5758
-2.5312
-2.0302
-2.1153
-3.1386
-3.4772
-3.2404
-3.1596
-4.3579
-5.5391
-5.4652
-4.2443
-5.3854
-4.0266
-2.7826
-4.3211
-4.2293
-2.1356
-1.9539
-3.6365
-5.5724
-6.0064
-7.0512
-6.3622
-5.7197
-5.9845
-5.9355
-5.7672
-5.8733
-6.902
-8.9545
-7.0209
-9.3085
-12.64
-12.192
-12.24
-11.81
-11.947
-12.186
-10.39
-6.9213
-10.205
-9.5484
-8.4626
-9.336
-10.846
-8.6625
-6.0277
-6.6166
-7.0565
-6.6361
-5.4891
-5.1719
-3.7196
-12.779
-14.875
-16.616
-15.365
-12.05
-13.276
-13.132
-12.617
-13.62
-12.072
-11.589
-10.802
-11.404
-10.83
-8.7026
-8.3443
-7.0517
-7.566
-9.7002
-10.415
-7.8306
-3.699
-3.2374
-3.8618
-3.3609
-2.9477
-3.8438
-4.6684
-8.094
-8.6762
-8.525
-8.6201
-9.295
-10.062
-11.387
-12.509
-11.72
-12.354
-12.914
-11.505
-8.818
-11.675
-10.86
-13.484
-12.314
-8.2315
-6.6753
-6.4538
-4.455
-6.4346
-7.1392
-7.8705
-10.14
-10.211
-10.02
-9.0648
-10.141
-9.2994
-7.3927
-8.4189
-7.6108
-8.3579
-6.4416
-6.6677
-6.6755
-6.8367
-6.9801
-5.8925
-4.9411
-2.825
-1.23
-0.94959
-0.26386
-1.5736
-1.1353
0.50564
1.8691
3.3937
1.2202
-1.4948
-1.1531
0.15902
-1.0366
-2.8373
-5.6002
-5.8156
-4.6452
-4.5125
-3.1492
-1.0397
0.8915
-0.68625
-2.2579
-2.4213
-3.1136
-1.596
-0.68046
0.040643
0.20001
1.3154
1.194
1.0127
-0.46726
0.42364
1.4172
1.5387
1.1397
0.0049072
-1.1262
-0.73118
0.04101
0.34744
1.593
2.9193
3.724
4.0444
3.5942
3.1923
2.4669
1.2217
1.0357
2.5235
3.0962
2.2685
1.4036
0.93972
2.76
3.6291
3.5746
3.9574
4.1655
4.3323
4.6368
4.1765
4.422
4.6887
4.6812
5.0532
4.8361
3.5827
2.5128
3.4637
3.9603
4.566
5.2111
5.6157
5.3733
5.1746
5.0015
5.1892
4.9902
6.1164
6.7552
6.9898
6.9372
7.0038
7.405
7.1211
6.5491
6.1815
5.1862
5.4406
6.2735
7.2591
6.7684
6.2153
6.6265
6.929
6.9784
6.7488
6.5295
7.0089
7.3982
7.7147
7.7593
7.5646
7.7077
7.6934
7.3061
7.0889
7.2852
7.7177
7.7904
8.8206
8.0903
5.7833
5.2557
5.6964
6.5752
7.6541
7.9537
8.406
7.513
7.2458
7.3229
6.3785
7.8428
8.7317
8.9508
8.879
8.3826
7.7539
7.085
7.4286
7.3648
6.8902
6.5527
6.8839
6.5598
6.7337
6.6618
6.3264
6.4944
6.4497
6.4003
5.9826
6.2522
6.9683
6.447
6.567
6.6399
6.5797
6.8149
6.4346
6.0755
6.1602
6.4409
5.8205
6.0311
6.5133
6.852
6.5273
6.355
6.1235
6.3164
6.7688
7.369
8.394
8.7885
8.1313
7.2965
7.2808
6.5465
6.4668
6.3729
6.6316
6.3571
5.9459
6.0116
5.8665
6.6268
6.3015
6.3528
6.2805
5.4696
5.8273
5.0069
4.6641
4.892
5.0794
4.9121
4.5436
2.2206
3.3509
4.3396
6.5729
5.6645
4.9112
4.1093
4.4532
5.3522
5.0356
4.6557
5.0742
3.7997
3.8188
3.2313
3.6205
4.07
3.6336
3.278
1.6606
1.6366
1.2133
-0.23746
1.698
2.5136
-3.2622
-5.6971
-7.5004
-9.0554
-8.3966
-8.1982
-5.815
-5.8559
-5.3305
-6.2545
-8.9768
-9.8412
-9.5746
-7.2766
-11.627
-10.392
-7.672
-7.1316
-6.5853
-6.0489
-6.8376
-1.3456
-1.4651
-2.5712
-2.2618
-1.8851
-2.0627
-2.3754
-2.0165
-2.8754
-2.7153
-2.6968
-3.0416
-3.1338
-2.6209
-4.1074
-5.7906
-6.4454
-7.1483
-8.3239
-8.6006
-7.3495
-5.5447
-4.4896
-3.7127
-4.6556
-4.5782
-5.1127
-6.7559
-7.0589
-7.4059
-9.0286
-8.6151
-7.8993
-7.2987
-6.4099
-9.7982
-10.61
-9.7024
-11.7
-12.187
-11.809
-12.58
-13.744
-14.669
-14.363
-12.161
-11.932
-12.92
-12.306
-6.2126
-5.482
-4.6678
-5.0906
-5.5068
-4.9851
-5.5459
-10.973
-13.071
-11.196
-8.4419
-7.8844
-8.9224
-8.1151
-9.3715
-7.5887
-7.1258
-5.6371
-5.4601
-5.8756
-5.6596
-4.5705
-4.209
-4.0708
-3.3646
-4.3805
-4.2941
-2.1973
-3.7013
-3.7766
-3.6575
-6.8341
-8.343
-7.0244
-6.2109
-9.8616
-8.2365
-5.7156
-6.5169
-7.684
-5.3532
-6.0553
-9.4281
-7.5327
-7.5685
-13.402
-13.352
-10.195
-7.3088
-8.1977
-10.586
-11.426
-10.505
-11.859
-11.229
-9.6624
-10.259
-8.3201
-7.2946
-10.389
-14.548
-15.343
-13.809
-13.058
-11.362
-8.7762
-8.9697
-9.8243
-9.2813
-6.9659
-9.4897
-8.0859
-7.8455
-6.5805
-5.5284
-6.1521
-4.0289
-2.4139
-2.1476
-1.5447
-1.5422
-2.0646
-3.6299
-5.1443
-5.3779
-4.4553
-4.3388
-3.5386
-2.678
-2.7005
-5.6703
-7.8742
-8.381
-8.3939
-5.9917
-5.1355
-3.7743
-2.9076
-3.5772
-2.8583
-1.1009
0.45559
0.04812
-1.2178
-0.76917
0.82003
-0.042395
0.10821
-1.1616
-0.70603
-0.11799
1.1259
1.1198
1.0346
0.84655
0.25659
0.6755
0.57937
-0.42722
-0.32838
-0.64277
0.51757
0.66516
-0.37748
-0.087836
0.58126
1.6971
2.5647
2.1576
3.375
4.0656
4.5188
3.7083
2.0726
4.0261
5.7466
5.4494
5.0405
4.4077
3.8399
3.0456
1.9525
3.2138
3.8102
4.1485
4.2179
4.3953
5.103
5.8047
5.2654
5.3131
7.1906
7.9551
7.9852
7.8104
7.1397
6.2775
6.4511
6.656
6.7086
6.5862
6.8463
6.8579
7.0265
8.0653
7.9239
8.1585
7.973
8.3276
7.7451
8.0061
8.3679
8.0324
7.5984
7.6798
8.168
8.0028
7.5448
7.7907
8.78
8.3984
7.4337
6.967
6.7646
7.6503
8.1812
7.8898
7.9315
7.7017
7.5133
7.5994
7.7325
7.988
8.1966
8.3754
7.7232
6.7104
7.465
7.2311
6.805
6.9634
7.0261
7.3715
7.7056
7.1781
7.5317
7.909
7.9659
7.5298
7.147
6.9401
7.0142
6.5817
5.8281
6.0379
6.921
6.1793
6.5764
7.162
7.0436
7.0966
6.8836
6.8753
6.3241
5.3621
5.7306
6.8075
6.8037
6.6764
7.2638
7.3978
7.7916
6.8232
6.6558
7.2768
7.8348
8.3387
7.8701
7.4893
6.9987
6.5255
6.6125
7.4601
7.8706
7.5949
7.0365
6.2772
5.6219
6.0084
6.7635
7.4849
7.7652
7.5564
7.0272
6.9426
6.7353
5.849
5.5778
6.1521
6.1791
5.2074
4.6961
4.7857
4.9418
5.2998
5.0944
4.0982
3.634
4.3534
4.8301
3.4116
2.138
2.89
4.2606
4.5285
5.836
5.9892
4.9001
5.6233
6.9111
7.4166
6.5729
3.6607
1.7089
1.7361
2.8057
2.4419
1.7182
0.59881
0.28146
1.0584
1.1251
1.3248
1.7406
-9.4639
-8.8812
-8.4263
-8.4927
-8.1158
-6.8252
-5.5753
-6.9257
-7.1746
-8.8169
-7.3445
-7.4471
-6.784
-5.7157
-8.8688
-10.068
-8.6533
-8.4649
-5.7566
-4.7244
-4.5106
-1.4284
0.13049
1.0377
0.27856
-0.83967
-1.943
-1.8946
-1.1435
-0.12321
-0.058386
-1.2594
-3.1754
-3.2268
-4.028
-4.0593
-3.5901
-4.8391
-5.4347
-4.8821
-6.6896
-6.9367
-6.3184
-5.3769
-5.1323
-5.9281
-6.1148
-6.3153
-6.0813
-6.2217
-6.5007
-6.1334
-5.3669
-5.2672
-5.8459
-5.5113
-6.6864
-7.7585
-9.7947
-9.0455
-10.869
-10.534
-11.922
-9.2813
-9.0114
-8.4881
-7.3287
-8.8534
-8.2413
-7.0292
-6.6297
-7.1134
-8.0354
-10.394
-8.838
-8.7257
-8.3156
-13.405
-11.374
-14.15
-15.94
-14.358
-15.283
-18.249
-17.511
-15.402
-13.069
-14.526
-16.929
-18.442
-16.841
-12.748
-13.177
-11.275
-11.354
-8.6616
-7.1424
-5.9773
-3.7286
-5.9675
-7.8043
-7.3847
-6.893
-6.9361
-7.4115
-9.9825
-7.0793
-7.5646
-7.3097
-7.0495
-5.2235
-3.9833
-7.771
-9.6004
-11.264
-11.845
-10.609
-8.2076
-4.6819
-7.3232
-8.2331
-8.2199
-7.8749
-6.042
-5.313
-3.8345
-5.5885
-6.33
-6.5608
-5.4387
-10.696
-9.3684
-7.7164
-8.4866
-9.3128
-10.7
-9.7688
-7.0048
-7.8268
-6.1726
-7.9792
-8.6326
-7.3285
-7.3839
-7.5357
-5.7358
-2.5807
-0.42203
-0.39353
-1.8538
-1.0785
-0.30552
-2.1243
-3.5692
-2.2939
-0.39231
-0.07514
1.288
1.0865
1.5316
1.8469
-1.4773
-1.7994
-1.4504
-1.9453
-1.7934
-0.92563
-0.10859
-1.3615
-1.6051
-3.3568
-3.6289
-1.626
-0.24933
0.5491
0.13482
-0.96601
-1.2948
-0.52997
-0.4314
-0.0003418
-0.4665
0.61166
0.42965
-0.12382
0.016168
0.56008
1.7503
2.3466
2.5302
3.6775
2.4535
1.3123
1.5162
3.1154
3.5333
3.0533
2.9852
3.4915
2.9884
2.5385
2.3238
2.078
2.7449
2.4654
2.4183
2.2882
2.4889
2.8887
3.1616
3.3724
3.6753
3.6675
2.2183
4.176
4.7602
5.3409
5.0004
5.1844
4.9387
3.9316
1.57
2.0601
2.6411
4.4661
4.4508
3.6552
4.5915
5.3552
5.9591
6.68
6.3939
6.5981
6.2458
6.2896
7.1458
7.5533
7.0586
6.4905
6.3408
6.922
7.2543
7.7481
8.1244
7.4446
7.3336
7.8727
7.5777
7.6855
7.6615
7.3626
7.861
8.0338
8.4407
8.1266
8.2436
8.5395
8.4237
8.6407
8.0464
8.0278
7.6263
6.8889
6.5335
7.1929
7.909
7.8365
7.8065
7.8891
7.8196
7.4429
7.2529
7.5746
7.9775
8.0577
7.8513
7.74
8.0366
8.6139
8.7034
8.9575
8.2783
8.9329
8.5231
8.3107
8.0212
7.3241
8.0398
7.8554
7.5387
7.6006
7.5641
7.4275
7.9021
8.0375
7.6037
7.8799
7.6675
6.9755
6.3948
6.3652
6.8811
6.2779
6.6058
6.3127
6.2961
6.3217
6.5895
6.0407
5.8312
6.48
5.651
5.6699
5.837
6.1948
6.6079
7.0937
6.8892
6.5392
5.8813
6.963
6.7767
6.8418
6.885
7.2486
5.9827
4.726
5.2183
4.7934
4.6466
4.59
4.6102
5.1905
5.1418
4.5081
3.7092
3.6943
4.372
4.7019
4.4962
3.5679
3.5653
2.7415
1.3408
4.5021
5.8695
6.34
5.1174
4.7373
3.971
4.1698
3.2507
3.363
3.3764
3.3393
3.4983
4.0665
5.9079
5.7981
4.2146
2.7611
2.6241
2.1551
1.7533
-3.9339
-5.6986
-5.5433
-6.2567
-6.2229
-5.956
-4.9056
-6.464
-7.1824
-7.2233
-6.0547
-7.7022
-8.3855
-7.3548
-8.928
-8.6701
-9.3386
-9.3954
-11.146
-11.461
-8.5534
-2.306
-2.9487
-2.3253
-2.6191
-3.1662
-2.5895
-2.3261
-3.395
-4.7037
-5.8145
-4.8173
-4.0822
-3.6169
-2.585
-2.4213
-1.161
-3.1184
-6.005
-8.1413
-9.7236
-11.314
-9.1927
-6.7695
-5.3485
-5.1924
-4.5927
-5.1906
-6.275
-5.5864
-7.6654
-6.3558
-5.4625
-4.227
-3.596
-3.6282
-8.9369
-9.687
-9.5067
-8.7586
-10.167
-11.604
-9.8297
-9.1038
-9.4193
-7.8251
-11.349
-13.032
-14.206
-16.795
-13.344
-13.644
-12.158
-9.7066
-8.5681
-4.5656
-3.5034
-9.8665
-8.6295
-11.031
-11.855
-14.249
-13.705
-13.171
-9.2172
-12
-13.396
-14.34
-14.196
-10.503
-12.137
-8.4203
-8.101
-8.9098
-9.1423
-7.6805
-6.9834
-5.5505
-3.7228
-4.0031
-3.9471
-3.0857
-4.4742
-5.4374
-7.8852
-10.325
-10.848
-10.024
-6.4974
-5.3403
-9.9284
-10.921
-12.562
-11.716
-9.6634
-8.0667
-10.743
-12.155
-11.036
-11.227
-12.91
-10.536
-9.8873
-10.002
-9.8821
-11.127
-10.194
-9.582
-9.068
-7.4957
-6.3309
-6.3143
-5.9338
-9.1499
-9.4661
-8.5018
-5.9177
-8.5572
-6.5229
-5.4289
-9.378
-9.1196
-7.9123
-5.9429
-5.7866
-4.1094
-3.7778
-2.6495
-1.8724
-2.2416
-0.78898
0.098627
1.1928
2.8923
3.2898
3.0348
3.4978
3.6618
1.9875
4.0516
3.5077
2.2369
0.44589
-4.2536
-4.574
-4.7548
-5.2335
-2.5763
-2.0992
-1.8106
-0.88828
-0.57874
1.2881
0.63104
1.4665
1.3301
0.72201
-0.48823
-1.271
-0.24842
-1.0947
-0.96213
0.67666
1.2264
0.99975
-0.15403
0.30782
0.92965
1.4746
0.56054
0.45587
0.3868
0.61865
-0.30121
-0.87443
-0.73191
-1.3659
0.24175
0.25817
0.69833
1.5539
2.1479
1.3939
2.2505
3.1287
3.8303
2.9153
2.8095
2.7198
1.9113
1.5023
1.1395
0.58148
-0.39701
-1.077
0.54098
0.89034
-0.028723
0.84588
1.9254
3.1884
3.8016
3.3716
2.9671
3.8612
4.5681
5.2045
4.9312
4.8688
5.2624
4.5595
3.9842
3.8314
3.5371
4.7569
5.2039
5.0086
5.4746
5.6373
5.8453
6.2245
6.5477
6.5742
6.6565
6.7434
6.9408
7.1777
6.5659
7.2963
7.2387
6.8894
6.8719
7.1479
6.9419
6.4027
6.1536
5.9844
6.7415
7.5753
7.8204
7.3896
6.328
6.7437
5.5765
6.132
6.4786
6.9013
6.5864
6.8972
6.0411
5.3534
5.1887
6.1848
6.6911
6.1352
6.4297
7.2873
7.212
6.4578
6.6908
5.8472
6.2069
7.0305
6.9282
7.0067
6.7594
6.5005
6.2753
6.2202
6.5771
6.5665
5.7779
5.2821
5.019
5.441
6.7291
6.8757
8.0945
7.7302
6.3254
6.3336
6.2063
6.1595
6.8489
7.1837
6.7017
7.195
7.3918
7.1054
7.132
6.2316
6.4511
6.4164
6.3839
6.9318
7.0066
7.3018
7.2642
6.6543
7.0035
6.8998
6.7848
6.8107
6.6392
5.9247
6.2973
6.3054
6.2169
5.9235
6.0822
5.4935
4.9986
4.4123
3.5904
3.3198
4.2613
4.367
4.1728
4.4786
4.3826
4.5788
3.71
3.8231
3.511
2.8855
1.6731
4.1215
4.1753
4.0446
3.2761
2.51
2.556
3.7145
4.0347
4.9
4.7624
5.7235
6.1196
6.5449
7.1949
6.8311
5.2337
3.9582
2.5916
-5.1008
-5.283
-5.0832
-6.631
-8.1941
-7.5361
-5.3833
-7.5674
-5.9365
-2.9057
-2.8224
-4.7435
-5.8417
-6.5887
-10.094
-10.414
-9.1321
-11.502
-11.301
-10.266
-8.7354
-3.6039
-4.5929
-5.0396
-3.5519
-3.9123
-3.4936
-3.3944
-3.0398
-2.9849
-2.9986
-2.6684
-2.1469
-3.3844
-4.2713
-4.9919
-6.2925
-6.2965
-6.1124
-6.2637
-6.1892
-5.3254
-5.1724
-6.2397
-7.5192
-8.568
-9.7876
-10.043
-7.538
-7.1213
-6.1293
-5.5135
-5.7926
-5.0124
-6.9005
-8.1049
-12.183
-11.619
-11.465
-9.6138
-9.9432
-12.029
-11.364
-9.446
-9.9556
-10.715
-8.5224
-10.763
-11.418
-12.044
-9.5945
-8.2014
-7.2272
-6.1445
-2.6673
-2.9569
-3.7527
-5.3859
-5.1287
-3.5489
-3.8919
-2.3109
-3.5371
-3.6725
-7.3946
-12.204
-14.057
-13.983
-10.027
-11.063
-8.7075
-10.626
-13.825
-14.022
-13.325
-14.741
-12.15
-11.264
-6.9153
-7.344
-7.445
-5.158
-5.3695
-7.1667
-7.7792
-7.3482
-6.2484
-6.1531
-4.7307
-3.3677
-1.2635
1.4392
-1.4114
-1.8288
-1.8697
-3.173
-5.6104
-6.8984
-4.3255
-7.4273
-8.2082
-9.0172
-9.0885
-12.828
-14.402
-14.527
-13.902
-12.012
-9.0515
-8.0671
-8.6024
-9.0669
-8.7881
-8.6684
-11.547
-10.742
-8.263
-10.725
-10.661
-7.4685
-6.4039
-6.7787
-6.8965
-7.1742
-6.978
-6.8373
-4.4533
-6.5863
-9.9049
-10.195
-7.5699
-10.163
-11.159
-7.3057
-2.4864
-1.6811
-1.1657
-1.9895
-2.6106
-5.7067
-3.7622
-2.1554
-4.4552
-2.555
-6.38
-5.0234
-4.6563
-3.9254
-6.0313
-5.0012
-3.8818
-2.9598
-4.8704
-3.7046
-3.1212
-2.4141
-2.7616
-1.5159
-0.69086
-0.29471
-1.3095
-1.1265
0.30386
-0.12748
-0.11198
0.97344
0.39672
0.4345
0.45889
0.92401
1.9649
2.3252
1.8866
2.5965
3.4252
3.0978
3.572
3.8101
3.3841
2.8423
2.6414
1.9268
2.0381
1.3477
0.72045
1.0921
1.6761
1.4143
2.1768
2.5404
3.1473
1.3565
1.0789
1.4898
2.1539
2.8719
3.6365
3.6375
4.3627
4.5764
3.8702
2.9807
2.4125
3.2128
4.5892
4.9781
4.1735
4.9647
4.9062
5.0137
5.3963
5.5217
6.0633
6.0593
6.1376
5.32
5.2101
4.5427
5.7536
6.3413
7.3642
7.3553
7.3151
7.0247
6.8017
7.1921
7.3863
7.1946
6.8509
6.3998
6.6152
6.9284
7.9223
8.1868
7.8782
7.8743
7.3582
7.3702
7.4757
7.0593
7.4014
7.5675
6.9812
7.2163
7.9219
8.3744
7.8008
7.8872
7.9407
7.2891
7.4662
7.4933
8.2244
8.6149
8.6186
8.4239
8.2989
8.1785
7.4928
8.2638
7.5433
8.0968
8.1902
7.987
7.6816
7.8455
7.2736
7.1529
7.2107
7.6281
7.7512
8.1221
8.8397
8.6565
8.2763
7.5987
7.6324
7.8647
7.9757
7.8446
7.2489
7.5471
7.3729
7.1924
7.6897
7.4587
7.5569
7.7268
7.4989
7.09
6.615
6.6523
6.9729
7.2794
7.003
6.2536
4.483
5.1559
5.9488
5.3652
4.7026
4.0532
5.3444
5.3462
4.2004
3.835
4.6204
5.5987
6.2966
5.6803
6.3113
5.6106
5.0506
4.2057
5.0194
5.598
5.4137
5.6701
5.7981
5.5095
4.3908
3.8542
3.992
3.982
5.4215
5.1168
3.7478
6.9161
6.2286
5.0726
5.3789
5.5232
4.8523
4.7359
4.9348
5.4738
4.9194
3.999
3.7424
3.8084
3.03
2.5625
2.474
2.9037
3.4326
1.9327
1.4288
0.5498
-0.015631
-0.048773
-0.15955
-6.3042
-7.8032
-9.7258
-7.46
-5.7522
-5.2651
-4.8956
-4.9159
-3.3755
-4.1225
-6.2594
-7.7077
-7.7498
-6.789
-7.7704
-8.6529
-7.9443
-7.404
-7.3362
-7.925
-7.7579
-0.69343
0.62722
-0.81574
-1.6048
-2.998
-2.6661
-1.8066
-1.9113
-1.7431
-1.8783
-0.92728
-1.3416
-0.9694
-0.73289
-2.2064
-2.4651
-4.8024
-5.6609
-5.1648
-4.0367
-1.3397
0.057764
-0.29264
-2.5826
-2.5991
-3.0338
-4.4431
-6.4534
-7.331
-9.0273
-7.7036
-6.6992
-5.767
-4.4496
-4.5688
-12.699
-13.953
-12.528
-10.182
-8.9525
-8.6592
-10.1
-7.5574
-5.8119
-8.3993
-9.2152
-9.9719
-10.319
-10.073
-7.3182
-6.9717
-8.8973
-8.2125
-6.3784
-6.3302
-6.2021
-9.5253
-10.918
-8.5821
-11.506
-12.226
-7.087
-12.337
-15.154
-12.362
-13.716
-11.812
-10.941
-12.566
-11.587
-7.1039
-5.6215
-4.8478
-4.7964
-6.7474
-5.4487
-7.7065
-10.08
-7.8292
-7.5565
-6.6967
-5.9661
-5.7156
-6.9109
-7.1573
-5.3221
-8.0978
-11.536
-12.43
-12.962
-10.941
-12.628
-12.014
-11.538
-11.355
-13.289
-11.954
-7.6896
-6.3727
-12.047
-11.062
-11.744
-11.24
-10.771
-10.021
-11.229
-9.9016
-8.198
-6.834
-7.2575
-7.859
-7.8897
-8.646
-8.205
-7.2254
-7.5211
-6.9571
-5.0861
-3.2859
-4.5165
-4.4316
-5.07
-4.4076
-3.1223
-2.6172
-0.34174
0.65765
-0.74103
-1.8457
-1.9827
-1.3718
-0.41929
-1.5212
0.042108
1.1846
3.5432
3.2328
-2.2092
-3.7487
-3.8961
-3.332
-2.4375
-2.028
-1.8364
-2.9987
-2.3926
-2.4178
-2.4143
-2.4714
-1.1348
-0.10731
0.76748
-0.95728
-2.563
-2.7858
-1.9088
-1.9226
-1.7869
-1.7781
-1.2632
-1.6354
-1.2967
-1.3731
-0.28272
0.74078
0.58462
0.40133
2.0196
3.5061
5.364
4.4669
3.5476
2.4224
3.058
2.3573
2.3492
1.4218
0.90502
2.6356
3.9223
2.7215
0.6123
0.17269
-0.29111
1.1544
2.244
2.4517
3.4641
3.6705
3.4542
3.8007
4.497
4.681
4.7261
5.249
5.1179
5.4497
5.9111
6.343
5.8735
5.5114
5.6544
4.782
4.8386
5.8744
6.1004
6.4187
6.5355
7.1598
7.4406
7.7252
7.9005
7.6364
8.3643
8.6339
8.3234
8.9081
8.6478
8.8638
7.7101
7.66
7.2574
6.5732
6.6448
7.1735
7.8004
7.9984
7.6843
7.3967
7.1358
6.48
7.0435
7.9507
7.913
7.6714
7.8602
7.9706
7.6455
7.4435
6.9448
7.2439
7.5449
7.8017
7.8765
8.5037
8.1248
7.1266
6.9022
7.0064
7.6626
7.9218
8.1199
8.2065
8.211
8.1347
8.1197
8.0968
7.0175
7.0624
7.6146
7.4481
7.4156
7.9639
7.9448
7.4756
7.7323
7.2752
7.273
7.4816
7.149
7.4029
7.4455
7.8947
7.3936
6.536
6.8553
6.933
7.2872
7.5052
7.1549
7.2494
7.133
6.8504
5.5892
5.815
6.1992
5.9393
6.0764
5.6571
6.1966
6.424
7.2222
7.4614
7.0853
7.0494
7.7191
7.3284
7.2199
7.4174
6.991
7.2861
7.3548
7.3594
6.3038
5.7262
6.1918
6.3092
5.8984
6.8639
6.4178
5.2188
5.1728
4.8458
4.5415
3.5924
3.3137
4.0063
4.7729
3.7189
3.3485
5.2552
4.7589
2.9871
2.5225
2.2276
3.3885
3.6257
3.57
4.3209
4.6214
2.7099
2.1601
1.65
1.4832
0.36883
0.0094543
1.1871
2.0123
2.3027
1.4605
1.3551
1.2189
1.455
-6.6413
-8.4698
-8.2897
-6.4018
-6.7329
-8.3472
-5.6686
-3.7368
-5.6674
-7.9131
-9.128
-9.4787
-9.2714
-7.7303
-7.7038
-8.3424
-7.0421
-7.5474
-9.0616
-12.224
-11.115
-4.8998
-4.1148
-3.3565
-4.2629
-4.9492
-4.3726
-4.249
-4.1469
-3.6589
-5.11
-3.9514
-2.9339
-3.2806
-3.7329
-6.975
-8.2255
-8.4826
-7.7698
-6.5455
-7.0409
-7.5733
-5.319
-4.2007
-4.2202
-4.618
-4.8428
-6.7489
-9.0557
-7.8714
-5.1517
-4.8892
-6.1444
-7.2896
-7.1464
-6.795
-10.67
-10.941
-10.84
-10.774
-12.551
-11.344
-13.057
-9.7909
-9.3187
-9.2072
-11.428
-12.891
-15.279
-14.084
-14.375
-11.94
-12.025
-12.209
-11.503
-10.17
-5.0236
-6.4476
-11.194
-12.532
-13.664
-14.342
-12.462
-9.7675
-8.4959
-9.0681
-11.679
-12.5
-14.648
-16.521
-17.599
-16.203
-15.428
-14.466
-13.122
-14.142
-12.743
-12.437
-11.137
-9.4607
-9.8081
-9.9678
-12.03
-10.184
-10.085
-10.471
-9.458
-9.1405
-8.4487
-7.936
-8.699
-7.6054
-7.7915
-5.8274
-6.6157
-10.379
-10.534
-11.484
-10.23
-10.667
-11.043
-10.377
-9.7649
-12.707
-9.6112
-6.7591
-7.0336
-6.5776
-4.7096
-3.0024
-3.5182
-3.5423
-1.3114
-4.921
-5.5071
-7.494
-5.8539
-5.3708
-6.7213
-5.8855
-6.9118
-7.1969
-5.1094
-4.6064
-4.3965
-2.6846
0.30184
-6.9858
-4.1658
-3.4481
-3.3828
-1.9147
-2.4945
1.7392
-2.2149
-5.3682
-5.8919
-5.4522
-7.9759
-7.0571
-4.3673
-5.6432
-7.1099
-6.2154
-4.0955
-3.3413
-0.51807
3.5347
-0.39823
-1.959
-4.0324
-5.3107
-2.7224
-1.1296
2.8009
-0.45219
-0.70264
-1.6278
-2.1105
-1.1723
0.62658
4.7039
-0.6851
-0.76273
-0.39371
-0.37931
-1.262
1.2071
5.1783
5.9334
5.6943
5.9073
5.4908
5.3932
6.7126
8.9554
2.5113
1.662
1.5802
2.1204
2.1218
5.147
11.121
9.8448
3.9151
2.9126
1.3136
2.2057
4.7854
8.4553
3.4442
3.731
3.8462
3.973
3.328
6.5744
10.991
5.5822
4.2049
5.7193
2.985
3.331
5.089
7.7798
8.7756
8.8982
8.6722
9.1641
8.3742
8.1519
8.6
9.2619
8.9829
8.8504
9.4079
9.182
8.3312
8.1322
8.8614
8.7468
8.0236
6.6251
5.9846
7.9822
7.4932
6.9212
7.6319
8.5587
9.0892
8.9686
7.8214
6.9055
6.4683
7.6694
8.0778
7.2956
7.7351
8.12
8.2848
7.666
6.801
5.9994
6.5102
6.0796
7.6018
8.1857
8.2691
8.1715
7.127
6.529
6.594
6.8683
7.6574
8.0648
8.4675
8.6579
8.3437
7.9512
7.8853
8.0164
7.8342
7.0926
6.8704
7.0585
7.4424
7.7652
8.1473
7.6887
7.8578
7.551
7.8565
8.606
8.3586
7.283
7.5053
7.4243
6.9179
6.8552
7.7818
7.3973
6.1404
5.0879
5.2398
5.9835
6.0663
6.7862
6.9434
6.3001
5.9513
5.5794
5.8096
5.6763
6.8801
7.6121
7.7223
6.6018
6.5344
6.2513
6.1423
5.6677
6.6355
6.4099
5.3547
4.9755
4.9356
4.7696
4.868
5.9535
7.2142
6.5903
5.6615
5.2766
5.7556
7.191
6.8401
6.0623
4.6557
3.0436
3.1966
3.6898
2.9626
3.4506
5.9229
1.8397
0.38296
-0.24372
-0.83234
-0.49198
0.85797
4.457
0.95626
-0.32334
-1.0971
-1.5631
0.44891
0.67162
4.4387
-0.57596
-1.1928
-2.5593
-2.8704
-2.494
-1.0512
1.0031
1.7381
1.9
2.0762
1.7812
2.9852
4.0359
3.86
3.0049
1.2296
-0.70841
-1.844
-1.8212
-1.49
-0.55112
-0.87232
0.13064
1.8464
2.2941
2.8892
0.02276
-6.9244
-7.2945
-8.4951
-9.5285
-9.7735
-9.5855
-9.0589
-11.245
-10.269
-8.9522
-10.737
-9.3176
-6.6635
-6.6118
-8.4679
-11.579
-12.698
-12.515
-11.476
-8.5315
-8.4179
-9.8233
-9.106
-8.9949
-7.9707
-8.3689
-9.4129
-8.0334
-8.9417
-9.0694
-10.725
-10.006
-7.5668
-10.248
-10.293
-7.7848
-7.9882
-8.0028
-8.9936
-8.6234
-8.0514
-9.7458
-10.073
-5.3355
-8.5111
-7.0456
-6.7667
-7.3525
-7.9498
-6.3915
-6.1402
-6.9756
-4.4352
-7.6851
-6.729
-7.519
-7.8075
-7.506
-6.8983
-6.5378
-9.3362
-10.391
-10.024
-9.7687
-6.9863
-3.8298
-11.395
-13.682
-12.821
-11.267
-9.8822
-8.8731
-10.32
-11.238
-7.3967
-7.5538
-6.4056
-4.1664
-6.49
-6.9475
-6.0255
-11.552
-11.982
-10.066
-12.459
-12.14
-11.964
-11.326
-12.823
-11.656
-11.861
-12.924
-11.778
-12.691
-13.087
-14.114
-14.953
-15.608
-14.561
-11.91
-13.921
-14.701
-14.333
-12.789
-10.219
-8.6156
-8.7331
-11.742
-11.853
-10.304
-7.782
-5.836
-5.8819
-6.5967
-5.4466
-5.5069
-5.8422
-7.6408
-5.3277
-4.0306
-3.607
-4.1645
-4.6109
-4.0328
-3.0764
-2.4242
-2.38
-2.9432
-3.7063
-5.1398
-4.3824
-4.2733
-6.2714
-10.1
-9.2534
-8.3398
-8.3032
-4.2634
-0.67695
-2.6083
-5.8911
-11.021
-10.319
-9.995
-8.5883
-2.6693
0.36413
-1.3819
-1.7466
-3.9628
-4.3999
-3.1758
-0.3758
1.1418
-0.684
0.73684
1.0442
0.203
1.4886
4.0811
3.7496
3.1565
2.0106
1.4594
-0.35892
-1.4923
-0.43558
1.2289
1.1829
2.0733
1.974
2.186
1.9329
3.6391
4.5013
4.4077
4.3123
4.1085
3.2512
3.2405
3.5052
3.1731
1.7416
1.9296
2.3768
3.5425
4.5535
4.0222
3.6044
-1.5628
-0.23502
0.31497
0.96227
3.7964
7.7143
8.5497
7.2428
6.0676
5.3827
5.3144
5.2219
5.5582
4.2913
3.3402
2.9984
2.4474
2.1744
2.1438
2.7041
3.4405
3.6289
4.8015
3.9206
3.826
5.0645
5.752
5.632
5.6653
5.8596
7.0413
7.0938
7.3725
7.9187
8.1514
8.108
8.4439
7.72
7.6534
7.4801
7.6205
7.467
7.6974
8.0183
7.7333
7.6122
7.3661
7.0947
7.0122
7.332
7.6348
8.187
8.6249
8.208
7.6946
7.197
7.1596
7.3751
7.6449
7.6145
7.4185
7.493
7.8926
8.1465
8.2966
8.0005
7.6344
7.7435
7.3352
8.1185
8.9632
9.1442
8.7631
7.9607
7.4477
6.9401
6.7597
6.7032
7.1018
7.1138
7.3885
7.615
7.5264
7.3856
7.7224
7.8617
7.111
6.2835
6.5739
6.6169
6.8377
6.5471
6.4442
6.0742
5.9865
6.288
5.9416
5.8998
6.2982
6.3981
6.8482
6.9542
6.9397
6.3412
6.2982
9.3681
8.415
8.2498
7.5999
8.2026
9.0185
8.6762
7.1905
7.6098
8.2573
8.6454
9.3693
9.4839
8.0664
1.058
0.90243
-0.65662
-2.4572
-0.023322
6.5065
8.1955
1.737
1.04
1.05
0.77935
0.62084
6.7176
7.6247
2.0325
2.3505
1.3251
1.1821
2.8552
6.6931
7.0505
0.62124
-1.9874
-2.7822
-2.1134
-1.2997
2.6086
2.8925
-0.23121
-2.2221
-2.0972
-1.4828
-0.65427
2.5341
3.3351
2.0322
1.3676
2.5609
2.9304
3.7691
4.5982
3.0344
-0.71418
-0.68763
-0.51249
-3.9185
-3.7183
-2.5903
-1.5303
-2.8168
-2.9104
-3.322
-6.7874
-7.2333
-5.8451
-3.5919
-2.9961
-2.7044
-4.0393
-4.9168
-4.0796
-3.2492
-3.0161
-2.7864
-2.4247
-1.6351
-0.6959
-2.7434
-3.7715
-4.1206
-4.6512
-5.0101
-5.9479
-6.464
-6.4034
-5.1969
-3.48
-5.6133
-6.2097
-6.9614
-6.3583
-6.1286
-7.3864
-7.2566
-6.9573
-6.5096
-6.9363
-6.0928
-5.6336
-5.2935
-7.5248
-7.8713
-6.2617
-6.6783
-5.572
-4.8395
-5.9401
-7.2043
-10.667
-12.33
-10.609
-10.199
-12.25
-13.011
-10.569
-8.381
-5.3516
-4.2391
-6.6962
-7.97
-7.8769
-8.0527
-9.2409
-10.329
-10.759
-10.747
-10.325
-9.9531
-10.727
-11.618
-12.353
-12.285
-11.604
-12.311
-11.82
-10.037
-10.315
-9.9131
-12.137
-14.073
-12.457
-13.528
-13.356
-11.078
-8.9375
-11.034
-10.668
-11.583
-12.92
-12.83
-12.058
-12.034
-11.281
-13.854
-15.391
-14.612
-11.367
-7.7484
-5.4667
-6.1875
-5.2604
-4.307
-5.1863
-8.7228
-12.356
-12.77
-11.888
-10.384
-11.587
-12.959
-11.928
-8.1144
-5.5659
-2.9555
-3.7437
-5.3916
-5.1725
-5.351
-9.7524
-11.64
-12.511
-12.577
-9.2173
-7.9358
-4.3489
-5.686
-5.4937
-4.6588
-4.8429
-5.1824
-4.5158
-2.3246
-2.5696
-2.6765
-1.7306
-2.3106
-2.28
-4.058
-5.4414
-5.5786
-4.4217
-4.0321
-2.8831
-1.4338
0.37194
-2.9995
-8.551
-6.2324
-6.8851
-6.575
-5.4326
-3.7886
-4.2741
-7.3314
-4.7049
-4.647
-5.8406
-3.6266
-1.2478
-1.2634
-2.607
-3.0462
-2.8422
-3.3656
-1.9934
0.27047
0.95547
-3.0603
-3.2732
-2.1061
-2.1935
-0.34073
1.1212
0.3684
-2.1123
-1.2
-2.0895
-2.0426
1.3399
3.9962
4.7848
1.472
0.19579
0.67861
-0.19666
0.92166
2.4152
1.2695
-3.5796
-2.0348
-0.86808
0.45931
2.3105
4.8964
4.21
-1.2053
-0.43757
-0.30506
-1.7164
1.9037
5.0805
4.9638
3.9647
2.7401
4.3097
5.0495
4.4973
3.5399
4.3891
-0.7465
0.42416
-0.089941
0.20794
4.2055
7.6936
6.6231
2.4723
3.2508
3.279
3.2743
4.3472
7.0185
8.0358
6.5044
4.6784
5.0472
2.1367
5.2964
8.2497
9.1957
9.8169
9.5011
8.9429
8.5462
10.093
10.253
10.142
10.163
10.598
9.7547
9.936
10.115
9.7774
9.4903
5.1059
4.5556
4.9953
5.4776
7.7919
10.544
10.398
10.282
9.8379
9.6166
9.3218
9.1985
9.3411
8.985
8.7555
8.8792
9.2605
8.4584
8.8238
8.8691
9.4285
1.7696
0.81396
0.55074
0.96005
4.4546
8.5665
8.3245
8.2888
8.1789
7.9245
7.2007
7.8345
8.0749
8.6302
8.2868
7.3739
6.9553
6.5371
6.7223
6.9202
7.5789
7.5617
6.8844
6.0839
5.3942
5.9159
5.5813
6.4457
4.8186
5.2254
4.0905
6.3561
6.8654
6.6598
7.056
7.4858
8.5241
8.4754
8.6763
8.616
8.4795
7.7351
7.2399
7.0889
7.0513
7.1104
7.4586
8.0258
7.9551
7.7765
5.6582
4.7045
4.1189
5.8127
6.915
4.9115
2.7486
2.7997
3.1139
2.1128
2.7071
2.7658
2.8949
-2.1957
-2.3514
-3.9215
-3.3632
-1.1063
0.93743
1.0196
-0.50657
-0.2436
-0.81754
-1.214
-1.1567
0.73608
-1.6699
-3.4905
-3.0377
-3.9918
-3.7458
-2.0353
0.57147
-1.2322
-2.9708
-2.1678
-3.3974
-3.7911
-2.4421
-1.5022
-2.8956
-4.984
-5.2676
-5.0713
-5.1786
-4.9143
-4.2638
-1.2518
-1.2424
0.44311
1.1611
0.8291
0.54583
-0.28739
-0.97336
-2.8522
-4.0351
-4.9674
-4.8344
-4.8048
-4.4629
-3.8125
-7.835
-8.8474
-6.4294
-6.5922
-9.8253
-8.7594
-6.6017
-8.409
-9.1468
-6.8563
-6.8672
-10.339
-11.919
-8.5177
-2.7055
-3.6382
-5.9358
-5.9163
-7.0762
-8.3489
-8.7915
-12.192
-7.6812
-5.6954
-7.7181
-11.371
-9.1411
-6.9841
-9.178
-11.704
-11.472
-11.109
-13.421
-12.578
-12.643
-12.793
-12.051
-14.346
-13.702
-13.843
-15.384
-11.801
-8.0895
-8.0852
-8.8578
-9.9959
-7.9905
-7.5282
-5.5106
-4.1153
-3.9157
-6.13
-4.2612
-9.5163
-11.447
-10.139
-11.314
-12.305
-12.448
-11.405
-9.5988
-11.784
-12.155
-14.693
-13.91
-14.053
-13.859
-11.794
-11.469
-10.685
-7.0599
-5.748
-4.7722
-4.7979
-5.3428
-5.6366
-5.1706
-6.0351
-6.1651
-8.2962
-9.3198
-10.292
-9.7881
-9.1581
-8.4274
-6.859
-4.6542
-4.3507
-4.4028
-3.6371
-5.1742
-8.6879
-10.286
-9.7267
-11.27
-10.236
-9.9238
-9.6245
-8.5741
-8.1612
-5.1434
-4.5788
-7.9648
-6.9464
-7.1986
-9.4147
-8.9694
-5.592
-5.8971
-6.5847
-5.8701
-9.0234
-11.018
-10.479
-10.659
-8.5943
-7.5165
-7.1679
-5.8787
-6.4226
-5.5543
-3.5592
-5.7544
-6.9486
-3.6687
-2.7639
-3.4734
-5.2319
-7.1861
-7.5207
-5.5775
-3.1853
-2.1171
-2.8526
-3.4276
-2.4693
-0.23453
0.10488
1.4193
0.042719
-2.9253
-3.5387
-2.7725
-4.3295
-4.3472
0.0075012
1.6508
-4.8805
-4.6467
-4.0945
-3.9228
-2.13
1.159
2.0825
-1.3382
-2.5839
-1.9951
-2.7407
-1.3872
1.6449
2.4768
3.8259
4.58
2.4625
2.6857
3.062
3.5751
4.7913
4.4678
3.6645
2.6847
2.0019
3.5254
3.0901
3.6002
1.6118
0.90557
1.9117
3.1784
4.9422
5.1186
5.0344
0.936
0.24154
0.37106
1.5532
5.2002
7.6991
7.0592
6.2365
5.8221
5.7494
5.1267
5.6339
6.1448
5.9502
5.9721
5.5972
6.1272
5.098
5.7219
6.3359
5.7838
5.4511
5.9963
6.3418
7.1629
8.0152
8.8105
7.9589
7.5084
8.0889
8.8851
9.3083
9.5673
9.7218
9.8168
9.4447
9.1876
9.1213
9.5554
9.1983
8.6634
9.0176
9.123
9.198
9.0711
8.451
8.0008
8.644
8.6372
8.8817
8.8685
8.8608
8.7344
8.6771
7.819
7.2655
6.0157
6.097
6.4973
7.6428
8.4718
8.4793
8.3712
8.1894
8.2878
8.2162
8.2341
8.0084
8.4658
8.2694
8.0121
7.9066
7.6483
7.3187
7.6316
7.7692
8.5996
9.0421
8.5113
8.7686
8.8039
8.5541
8.4256
9.1292
8.8458
8.4488
8.8556
8.6507
8.5767
8.8378
8.1036
9.0063
8.8907
8.677
8.3705
8.2683
8.121
7.7895
3.2271
2.1671
2.0137
2.3328
5.0634
8.6139
9.1376
8.4141
2.4725
1.736
2.1335
4.9426
7.7951
7.2429
6.0882
6.2266
5.9745
5.8114
5.9707
6.3324
5.9575
5.9828
6.4358
6.8328
6.8729
7.0063
7.2856
7.6085
7.7491
6.6602
7.1914
6.7449
6.5986
7.3334
7.7272
6.6796
1.3249
0.96813
0.39199
5.3773
5.8766
6.019
5.2219
6.1155
5.6622
5.617
6.1144
4.8817
4.6807
3.6314
2.6002
1.6287
-0.33332
1.2865
2.911
2.5689
2.6571
3.2636
4.1707
4.988
4.5161
2.5908
1.9202
1.0805
-2.6169
-0.905
-1.4522
-3.1878
-2.533
-2.6043
-3.9888
-2.699
-1.6338
-1.7857
-2.1725
-2.4434
-3.3399
-2.8504
-2.391
-1.5953
-3.6385
-3.4466
-3.5123
-3.0095
-0.75602
-0.087988
-0.17301
-1.393
-2.4745
-2.3958
-1.4515
-1.1239
-3.539
-5.8794
-5.1433
-4.8318
-3.9511
-4.2303
-3.5745
-6.937
-9.0959
-8.0875
-6.8846
-4.692
-5.0525
-4.7239
-4.5534
-4.8101
-6.988
-8.4026
-7.3341
-8.2658
-7.9651
-6.8215
-5.6547
-6.8522
-6.7606
-6.5221
-8.1574
-5.4136
-7.4495
-8.9991
-8.9271
-8.0474
-8.2572
-6.972
-6.0896
-6.6335
-7.4609
-7.2186
-9.9554
-8.7178
-6.8384
-6.764
-7.2647
-7.3001
-7.6749
-9.0402
-11.818
-12.07
-12.485
-9.1513
-8.9208
-9.3885
-8.7723
-9.2857
-8.5361
-8.6076
-8.9316
-7.8575
-6.5873
-8.1185
-8.0187
-8.767
-8.4008
-8.4279
-8.2116
-8.2677
-7.8457
-9.2542
-11.291
-10.65
-8.6278
-6.0673
-6.4558
-6.7912
-8.1587
-6.7043
-5.0886
-4.1764
-4.4117
-4.6416
-5.1433
-6.2228
-6.3234
-6.4261
-6.8732
-6.7285
-3.9924
-6.1018
-6.0994
-5.2739
-6.3963
-5.5768
-4.6246
-4.7821
-4.478
-6.1638
-7.3414
-8.4286
-7.2243
-4.6955
-3.2387
-2.36
-2.5443
-2.1737
-2.7826
-2.0511
-1.8291
-3.206
-4.6796
-5.7448
-5.5447
-3.4781
-2.7961
-3.9211
-3.8832
-1.8506
-2.0393
-5.2784
-4.2422
-3.8288
-3.9674
-3.3018
-3.7068
-3.7
-6.8573
-4.806
-4.4605
-3.0901
-3.0398
0.52542
0.45196
0.50338
0.41265
-0.011328
-0.53947
1.3326
0.77963
-0.36201
1.5771
1.7458
2.3754
2.3113
1.0938
0.26388
-1.6049
0.71121
0.19918
0.79382
4.7599
5.6417
5.7817
5.3493
5.0758
4.8468
4.2268
4.2129
4.9515
4.5805
5.0165
2.9652
2.7404
3.4771
3.6222
3.7327
3.8426
4.4549
3.1015
1.9028
0.82787
0.91903
1.4434
1.7986
0.35543
0.88683
2.7137
3.0947
3.1908
1.555
1.5932
3.9138
5.852
7.5624
7.0713
6.7155
7.0096
6.2116
6.3345
6.6446
4.3152
3.823
2.8346
1.6025
1.1416
2.0434
2.6859
3.1828
3.8587
4.9179
6.1402
6.5044
6.4746
6.7252
7.5276
7.7629
6.9866
7.1171
8.4922
8.5546
8.2194
8.6022
8.4035
7.9492
8.6315
9.4854
9.387
9.0418
9.0035
8.2648
9.9322
9.3871
8.8845
9.4122
8.3039
7.3358
6.8827
6.628
6.6934
7.1852
7.3867
8.9249
9.7755
7.0523
7.1059
6.9351
6.5691
6.5139
6.1862
6.4213
7.2848
6.9383
6.9718
6.7613
7.1041
6.9291
7.3728
7.124
6.9035
6.5669
5.5413
5.8437
6.2464
4.975
4.5759
4.3214
7.085
7.1496
7.5202
7.2871
7.6299
7.3199
7.6075
7.6724
7.9052
7.9428
7.2268
6.92
6.8859
6.8373
6.8951
6.8587
6.8224
7.3075
7.2338
7.0935
7.1412
6.2992
5.2791
5.8432
6.6336
6.1031
6.0539
6.2853
6.1357
6.2423
6.6714
6.4106
6.9499
7.0841
6.7264
6.5839
6.01
6.1125
6.2323
5.9116
5.0869
5.2127
6.0294
6.1056
6.2316
6.0786
5.908
5.4442
6.1021
6.6586
5.8289
5.03
4.2664
3.9492
4.0329
4.9487
-0.33842
-1.1007
0.99383
1.1103
0.73715
1.0521
0.81173
0.62057
-0.06626
-2.2352
-2.4134
-1.9919
-1.7515
2.4802
1.938
2.6651
3.9594
3.8917
3.9225
5.2406
5.9749
-0.1334
-3.0568
-4.2808
-5.1636
-5.3324
-5.2168
-6.099
-4.1419
-3.4688
-4.9742
-5.0119
-4.4402
-0.65336
-0.076575
-1.4401
-3.1105
-2.3536
-3.2856
-3.4833
-4.1242
-5.5675
-5.0781
-5.8797
-5.3942
-4.6772
-3.5776
-4.7558
-5.1875
-4.917
-5.8174
-5.6704
-6.0515
-5.2499
-4.8789
-3.5136
-1.4795
-4.1964
-3.344
-5.891
-4.1209
-4.2016
-2.3729
-4.291
-6.4275
-5.293
-6.0456
-5.5398
-5.9876
-5.9424
-5.6025
-4.7843
-3.8741
-5.227
-5.6751
-7.5275
-7.9873
-8.5483
-6.9676
-6.424
-6.1714
-6.7765
-8.1679
-8.2434
-7.7423
-6.3758
-4.6145
-7.9413
-8.4541
-8.4468
-9.234
-9.9851
-8.9135
-9.6112
-9.6293
-10.738
-12.442
-8.9108
-8.1161
-7.9029
-8.4258
-7.3021
-8.021
-7.3305
-7.667
-8.2081
-7.5509
-9.7776
-9.9831
-11.429
-9.079
-8.427
-9.305
-9.7858
-9.8585
-11.42
-10.871
-11.063
-9.192
-11.085
-10.057
-8.0059
-11.161
-11.747
-8.6362
-8.3173
-8.0788
-11.389
-8.9483
-6.5686
-6.7489
-11.858
-11.523
-12.176
-10.692
-7.5156
-8.8085
-10.726
-11.255
-8.1367
-9.321
-11.242
-13.082
-13.85
-12.878
-11.95
-9.9551
-9.7802
-11.206
-11.769
-11.525
-10.848
-8.8771
-7.1943
-5.6824
-7.6266
-8.7263
-7.1612
-6.2199
-6.1528
-6.1299
-7.6857
-10.109
-6.3406
-8.1088
-7.1535
-7.3006
-8.2701
-8.946
-7.8331
-5.9845
-6.0139
-7.8463
-6.9688
-5.6727
-5.1782
-6.0824
-7.4993
-4.6716
-4.1939
-4.0981
-3.9197
-3.2052
-2.9331
-2.6703
-2.4681
-1.874
-2.8309
-2.8751
-2.4866
-1.8604
-1.7884
-1.5247
-2.2257
-1.278
0.3872
0.79098
1.4483
1.512
0.79006
0.12499
0.68212
0.44088
1.3367
-0.098486
0.48568
-0.019507
0.53405
-1.2892
0.32131
-0.57987
-0.081824
0.21115
-0.35245
-0.38752
-0.41956
0.79336
1.4061
1.5566
0.928
0.41116
2.2864
2.1506
1.9895
2.1811
5.3094
6.2918
6.8125
5.9062
5.9877
6.6488
7.5449
5.9842
6.0682
5.0711
5.4887
6.5574
4.2698
2.6938
3.8046
4.2814
1.9076
2.2898
2.6469
3.0669
2.8712
4.4383
3.1481
3.6018
3.8903
4.1823
4.1698
3.7365
3.7401
7.8686
10.532
7.974
6.5904
8.7927
6.907
6.7255
7.375
7.2978
7.3497
7.3433
8.5034
8.9189
8.4954
7.1989
7.1185
6.5586
10.425
13.777
8.827
7.1554
9.5818
11.129
8.556
9.0231
8.8194
10.255
8.8971
8.981
9.5033
6.8217
5.665
6.1242
6.7691
6.8478
7.1848
6.581
6.0609
6.5986
6.7478
7.2416
7.0883
6.6715
6.8755
6.8893
6.9669
6.449
7.1303
6.8177
6.647
6.7581
7.6249
7.6975
8.7005
8.7789
8.302
7.7408
7.5872
7.5072
7.0517
6.8953
6.5196
6.3724
5.9578
6.7739
7.2329
7.3625
7.3729
7.1259
6.8404
6.4339
7.243
6.9793
6.2564
6.2799
7.049
6.4098
6.7569
7.2152
7.4034
7.4135
7.0832
6.6916
6.7772
6.0971
6.1927
5.3414
5.6056
5.5933
5.6528
5.2567
5.2271
5.4936
5.4224
4.0886
4.937
5.6508
5.4756
5.0861
5.7789
5.7328
5.1595
4.8139
4.1867
4.0929
2.3837
2.9806
3.3982
0.87887
4.6309
4.8978
5.155
5.18
5.3228
1.5873
0.95254
1.3055
3.4518
5.0607
4.3001
3.756
2.8712
2.4349
2.0595
1.537
1.1227
0.83874
0.54849
1.4534
2.7764
2.3869
1.2255
1.7833
1.1395
1.3151
-0.29288
-0.44559
-1.0176
-0.73218
-2.802
-1.6871
-2.4432
-4.3457
-2.1185
-2.8818
-3.175
-3.8039
-2.8252
-0.50324
-1.1183
-2.0356
-1.1984
-0.98807
-1.4626
-1.1532
-0.24515
-1.2895
-1.5628
-3.7527
-2.4551
-1.7786
-1.1288
-1.2488
-2.2961
-2.6559
-3.8037
-4.2908
-4.1256
-4.5512
-3.7693
-6.2359
-5.3014
-7.4766
-12.414
-13.289
-13.053
-10.35
-8.8544
-6.962
-7.629
-8.0666
-7.532
-8.5669
-8.6919
-8.3599
-9.28
-9.2793
-9.6798
-6.3243
-6.2938
-4.7178
-3.8582
-4.4292
-6.7319
-4.3926
-4.4869
-3.834
-4.6675
-4.5088
-4.3955
-5.1623
-6.6581
-7.2093
-5.3859
-3.0347
-2.2691
-3.1346
-6.815
-8.5882
-9.4338
-8.333
-6.1455
-9.2456
-10.372
-12.087
-11.312
-8.2062
-7.1618
-7.9925
-7.0567
-6.5994
-7.316
-6.1214
-7.9235
-6.9704
-5.8174
-7.0367
-5.9531
-8.2713
-8.6865
-6.2726
-7.4529
-6.7165
-5.2702
-5.2448
-3.0202
-4.0514
-7.1447
-10.876
-11.485
-12.454
-12.202
-10.455
-6.6114
-6.021
-5.3763
-8.9213
-7.4017
-7.441
-6.5099
-2.4693
-2.0764
-2.5132
-3.3415
-3.8066
-4.2988
-5.4154
-5.849
-5.1628
-4.4707
-4.807
-4.2655
-5.1022
-5.6512
-4.5518
-8.6254
-9.2858
-8.6205
-7.2472
-8.2061
-8.9249
-6.9141
-6.9413
-6.6068
-6.9937
-6.1883
-5.8937
-5.4224
-5.7088
-6.3185
-6.651
-6.7785
-5.4595
-3.4905
-2.6234
-3.5305
-3.7689
-5.5479
-5.6116
-5.7723
-4.0277
-2.8847
-2.3854
-1.3325
-1.2615
-3.496
-3.8564
-3.1348
-1.6063
-0.62437
0.072046
-0.087317
1.0131
0.21533
0.32025
0.42251
1.2291
1.7823
1.564
0.27249
0.75268
-0.10816
-3.3817
-4.3936
-3.702
-5.2098
-4.2625
-3.1038
-2.3669
-2.0441
-1.9745
-2.4444
-1.6881
-2.2929
-1.8615
-3.146
2.0752
1.706
2.0562
1.7013
2.4831
2.4546
1.7073
1.2835
2.1785
1.9228
2.081
1.7367
2.3986
3.7834
1.7734
3.8597
3.37
4.6354
3.4767
1.4693
1.7558
4.3852
4.7695
4.8584
4.2207
4.413
4.143
4.1028
4.225
4.4922
4.6374
5.283
6.7657
8.6049
6.0871
7.2183
7.5777
6.3338
5.1263
5.2571
5.3237
5.8923
5.7347
5.9979
5.8643
6.8523
6.8916
6.6648
6.8437
9.4938
8.2822
7.4192
7.2034
6.806
7.0089
7.4328
7.3092
7.5578
7.2107
6.7949
6.5564
2.2166
1.3396
1.5599
1.6792
7.2076
8.2694
7.7721
7.9687
7.9252
8.6352
8.2133
8.4346
8.8157
9.0357
8.8839
8.4262
8.5313
8.7238
9.2491
9.0329
8.18
7.9165
8.3589
8.7718
8.9595
9.1967
9.3919
9.3579
9.0125
9.1308
8.7925
8.4037
7.9239
6.3288
6.4893
6.7211
6.5559
7.0239
7.1547
6.9596
7.4865
7.8124
7.7316
7.7178
7.0242
7.5645
8.2913
8.3462
8.5329
8.3628
7.7075
7.8438
7.358
6.332
6.6702
6.3531
6.6261
6.6287
6.1996
6.2389
6.225
6.3587
6.8605
7.1535
6.49
7.0092
6.9455
7.1462
6.8443
6.9011
6.5707
6.22
5.5581
5.4096
5.5333
5.1321
5.2452
5.5038
5.0948
5.1373
4.4772
4.5102
4.7709
4.9549
4.6281
4.3767
4.6925
4.9275
4.7203
4.9462
4.6519
4.5364
4.2505
3.0853
3.2856
3.7563
4.356
4.3503
3.8653
3.2504
2.8797
2.2887
1.3023
1.499
0.92135
0.55117
-1.2232
-0.65403
-1.1405
-1.3724
-1.0813
0.076013
-0.44425
-0.14478
0.028436
-0.028113
-0.61213
-0.057318
-0.042761
-0.29502
-0.3325
-1.0934
-1.6169
0.48138
1.2636
1.73
0.049554
-0.078009
-0.48459
-1.2492
-5.3951
-4.6914
-3.9841
-3.727
-3.844
-3.9493
-3.2298
-3.3362
-2.4124
-4.372
-4.0507
-3.494
-3.7967
-5.6813
-6.1035
-4.5065
-4.8796
-4.3213
-4.9733
-6.885
-7.6229
-7.7643
-7.3519
-5.2508
-6.5193
-4.6661
-5.7428
-6.4163
-6.2997
-7.0555
-7.3913
-8.2229
-7.8801
-8.6198
-9.6035
-9.925
-8.857
-6.8073
-7.8637
-6.8579
-6.682
-7.6936
-7.6056
-6.1094
-6.2491
-5.984
-5.9268
-6.1924
-7.6284
-8.3162
-8.0469
-10.064
-9.0804
-7.9366
-9.4817
-10.272
-9.4419
-8.7315
-9.4318
-9.6246
-9.057
-9.4529
-9.226
-10.65
-9.6412
-9.79
-8.283
-8.7079
-8.4362
-6.9096
-9.171
-7.6585
-8.2559
-8.1941
-10.333
-9.0969
-11.65
-14.636
-14.735
-13.894
-11.281
-9.9714
-12.08
-13.281
-11.074
-9.5833
-8.4948
-9.8063
-8.8338
-8.6868
-7.1004
-6.7806
-6.4395
-6.6267
-7.4103
-4.6696
-6.0733
-6.8625
-6.8796
-6.0687
-5.4809
-5.2004
-5.4927
-6.569
-7.3437
-7.9087
-6.2269
-5.3406
-6.1365
-6.191
-7.4673
-7.9977
-8.0154
-4.9914
-3.6245
-6.2234
-5.9327
-6.4461
-5.532
-5.8451
-5.8634
-5.4877
-4.3239
-5.0481
-4.2369
-3.2769
-5.2546
-4.0248
-3.7867
-3.2598
-3.2481
-2.8044
-2.921
-3.1148
-3.1455
-2.6992
-4.4884
-4.2227
-4.5299
-4.0336
-3.3979
-3.7584
-3.1725
-3.2709
-2.0676
-2.1444
-2.1616
-0.018896
0.96298
1.8692
1.4254
1.3024
1.0348
0.50649
-1.2674
-0.43485
0.36834
0.56915
0.46624
0.31936
0.14196
-0.68091
-0.62528
-2.115
-1.3453
-0.30622
0.47512
-0.64557
-0.3296
0.56631
-1.7198
-1.964
0.16406
-1.7395
-1.343
-0.62485
-0.58195
0.58053
-0.086127
2.4297
2.7565
3.6757
2.9936
3.7032
3.0126
3.7393
4.3255
4.2005
4.4173
4.6928
3.9044
4.3225
2.7296
2.9823
2.8882
2.8085
1.604
2.0515
1.4567
3.3537
3.8296
3.6295
3.663
3.0054
3.7529
5.2703
5.2493
5.6251
5.4036
3.7567
5.6951
6.007
6.0818
6.7124
6.4452
6.1629
6.0538
7.2734
6.0962
6.2523
6.1272
7.0442
7.9201
6.0701
8.0349
9.0802
7.0341
7.1217
7.0933
6.9407
6.8445
7.7342
8.235
9.4063
9.1578
6.4255
6.5289
6.3654
5.7778
7.0388
6.7914
7.681
6.7451
7.08
7.4688
8.5686
7.8074
7.9387
6.6951
5.193
5.354
6.0009
6.1105
9.0655
9.7516
10.377
12.545
11.926
12.138
12.051
9.1489
9.8753
11.264
6.1899
4.4349
5.3586
6.3303
6.9481
7.0729
7.2593
7.0541
6.957
7.1262
7.76
7.9254
7.5681
7.0934
6.8157
6.3645
6.1081
6.607
6.7627
7.047
6.9603
7.5677
7.531
6.8598
6.5456
6.2422
6.7726
6.8078
6.0497
5.6925
5.9466
6.1715
5.3558
11.056
6.3963
6.1592
5.9383
5.5594
5.0229
4.4645
5.0493
5.2834
4.8219
4.5308
3.9232
4.0646
5.8281
5.9697
4.9138
4.5941
3.0146
2.7573
3.7282
4.5037
4.6695
5.1858
4.9027
4.4136
4.4602
5.071
4.7305
4.4051
3.5786
3.714
5.729
5.9324
5.2036
4.9795
5.8262
5.8727
4.4377
3.9894
3.6544
3.323
-2.5555
-2.1318
-1.4436
-1.6701
-1.7736
-2.273
-2.0395
-1.1928
-2.9743
-3.1944
-3.5873
-3.0691
-3.1874
-2.5707
-6.684
-2.0543
-1.4629
-2.3243
-3.0729
-2.8391
-2.7493
-4.6569
-5.9455
-5.4803
-4.645
-5.1012
-4.5623
-3.6557
-3.5355
-3.4534
-2.4955
-0.62922
-0.95685
-2.8116
-4.619
-4.571
-5.1488
-5.2035
-3.8849
-4.0179
-5.6382
-5.0935
-4.146
-2.617
-1.9581
-3.425
-4.5243
-3.5828
-3.0046
-2.9828
-4.195
-6.3886
-5.9072
-5.5895
-6.1485
-7.6179
-7.6258
-7.7632
-5.8169
-5.7955
-4.3561
-4.3778
-4.843
-3.7246
-2.8937
-3.5486
-4.1013
-6.2265
-7.3401
-8.0643
-8.3192
-8.6415
-6.5763
-5.9505
-6.3199
-8.3156
-8.4303
-9.3155
-14.885
-14.38
-11.124
-11.239
-9.1599
-9.2152
-11.337
-9.036
-11.722
-9.5874
-11.048
-11.139
-10.546
-10.173
-12.173
-14.115
-12.749
-11.484
-10.239
-9.3994
-6.7527
-6.1561
-6.7558
-5.8833
-5.1498
-7.6814
-9.2237
-9.93
-8.1527
-7.0641
-6.238
-3.796
-5.7133
-9.1133
-5.4974
-7.2714
-8.8828
-10.029
-7.4135
-8.1888
-9.3115
-10.371
-11.025
-10.655
-10.768
-10.589
-12.138
-11
-12.785
-9.4613
-8.4463
-7.5507
-6.2974
-5.4919
-11.762
-12.034
-10.691
-10.314
-9.3477
-10.274
-10.283
-8.3682
-7.2314
-5.0663
-4.8069
-3.4472
-9.7918
-10.044
-8.9471
-9.0241
-7.687
-5.3333
-6.4734
-6.693
-6.2934
-6.5325
-5.5219
-4.8922
-5.3045
-5.1032
-4.7416
-5.3808
-4.6197
-3.775
-3.1138
-3.2637
-3.243
-2.3408
-2.8768
-2.3245
-2.6628
-3.1632
-4.054
-4.3563
-4.4075
-2.1229
-1.8716
-1.0168
-1.9612
-0.96711
-0.94309
0.51788
0.4508
0.068292
-1.0688
0.14501
0.32867
0.50198
1.8107
1.3861
1.9464
2.2889
-0.21686
-0.88785
-1.8496
-1.6528
0.58065
1.0961
1.2882
0.5165
1.5609
0.89761
-0.19907
-0.26636
2.8732
1.7027
2.2979
0.33816
-0.2251
0.29458
0.21935
0.87472
1.6012
0.89669
0.68176
2.1913
1.8517
1.3822
1.7314
1.9079
2.9893
2.8273
1.44
4.1193
2.3353
2.4428
1.827
1.6757
4.2023
4.1386
3.6771
2.9673
3.2909
3.592
3.9484
4.5681
4.5766
4.9943
4.7528
5.3845
6.5045
4.5699
6.1373
6.9232
6.7928
6.4543
6.7936
5.1939
6.5139
6.5824
5.2069
5.574
6.2096
5.88
6.6749
6.7081
7.6762
8.2018
7.7591
7.529
6.8343
7.3033
7.8008
8.026
8.1377
5.6908
5.1736
5.9847
5.8837
4.2315
6.0554
6.2906
5.8809
5.6864
6.0914
5.4302
4.9723
5.2549
4.7823
4.064
5.1955
5.3595
6.1829
5.8088
4.4869
3.7836
4.3127
5.2623
5.5361
12.677
14.078
13.693
14.111
15.565
15.338
15.203
8.5728
7.7831
6.918
7.8103
7.4662
8.112
8.9192
8.515
8.0178
7.5183
7.5247
7.2841
6.9939
7.1668
7.9589
8.1681
8.501
6.9841
6.1327
6.3468
7.451
7.9352
7.6241
7.5587
7.7607
8.0267
7.6498
8.3368
8.3783
8.4372
8.3679
9.1167
9.0561
8.5234
8.1515
7.7546
7.328
7.7937
7.899
7.7191
7.9548
8.5653
8.2811
8.029
8.1331
7.6007
7.0386
7.2788
6.9076
7.6601
7.7716
7.3601
6.7874
1.6189
0.58901
0.087335
0.62451
-0.88239
-0.95658
4.8307
5.5169
5.1201
4.934
4.6276
3.9582
4.5104
4.7053
4.9926
4.5868
7.2917
5.0501
3.3056
-1.3973
0.17846
0.53204
0.86807
0.26818
-0.13413
-2.0576
-3.3205
-4.5874
-4.8628
-4.5934
-3.4995
1.9874
2.9317
3.434
3.307
2.5249
-1.6994
-5.8303
-6.2731
-2.6738
-3.6275
-2.876
-2.9171
-4.168
-5.0964
-4.8404
-4.2192
-4.0621
-3.9731
-2.4726
-4.0768
-3.0148
-2.7637
-4.2437
-4.0089
-3.0552
-4.2813
-6.5002
-6.0753
-2.7345
-3.7494
-1.6323
-0.14777
-2.7481
-3.1787
-3.938
-2.7323
-2.9775
-3.5842
-6.6345
-8.0303
-8.4832
-7.3413
-8.5988
-7.6102
-6.7712
-6.0401
-7.0157
-8.3811
-6.0897
-6.0768
-6.1985
-5.4966
-3.8895
-3.9482
-8.2182
-7.6374
-8.4746
-9.4965
-8.5386
-7.6543
-9.2477
-10.111
-8.4734
-11.017
-6.4339
-8.2184
-11.721
-10.913
-10.39
-11.365
-11.299
-13.093
-10.041
-9.8199
-8.825
-10.445
-10.529
-11.297
-9.2204
-7.9853
-8.8322
-8.6125
-11.215
-11.262
-10.456
-9.9664
-9.9539
-11.229
-10.218
-8.0119
-7.7644
-5.7519
-7.8796
-12.142
-14.743
-15.614
-13.188
-12.337
-12.028
-9.2293
-9.4327
-12.378
-11.761
-12.145
-11.86
-10.603
-9.9691
-6.4911
-5.7625
-6.1393
-6.4497
-6.514
-7.4444
-10.382
-6.6653
-6.7977
-6.0471
-6.9331
-6.6605
-6.8726
-6.1797
-7.5352
-6.9307
-5.8168
-3.9613
-3.2736
-5.2581
-6.5651
-7.0626
-7.569
-8.0723
-6.8854
-5.7856
-6.339
-4.9903
-4.9651
-3.6167
-2.3675
-2.2788
-1.7894
-2.4115
-0.2006
0.56973
0.31054
0.54858
1.0678
0.70934
-0.21937
0.92269
0.80923
0.24786
0.040094
0.30862
-0.43479
-0.29893
-0.63508
-1.8951
-3.115
-1.2484
-0.13813
-1.858
-2.4959
-1.7349
-1.1617
0.42678
0.47299
0.55734
-0.15488
-1.0168
-2.3085
-1.5775
0.89474
0.85107
0.50097
1.0398
0.18997
1.1653
0.33834
0.68484
2.2702
2.1328
1.0672
1.1052
-1.4313
-0.03797
1.4036
1.187
-1.2308
-1.5284
-0.31568
-0.80591
-2.0234
0.41641
0.50945
0.17321
1.9196
2.4391
1.5851
1.615
5.6797
3.4172
3.6023
4.7436
4.8424
6.3391
6.4708
6.3934
9.4189
6.5934
4.982
4.7584
4.5893
4.3721
3.9902
4.7259
3.9528
3.8313
5.1138
4.9877
3.7996
4.9482
5.4776
5.0963
6.4903
3.9038
3.3354
4.4746
5.1046
5.6259
5.6581
5.605
5.0453
6.0373
5.6046
5.7138
5.4711
6.2338
7.8177
6.7293
9.0973
6.7793
6.0208
10.484
13.055
7.3113
9.5259
7.4199
6.3338
6.6061
6.862
6.9554
5.4661
4.8198
5.2258
4.3403
4.6893
8.4579
11.609
11.485
11.896
12.011
11.798
11.336
5.7178
5.1086
5.1683
5.1663
5.5719
6.9299
6.9461
6.5535
7.8542
4.1962
4.8167
5.2721
5.232
5.376
4.9133
5.2989
4.9319
9.9846
10.799
7.4352
7.059
7.6841
8.1587
7.8654
7.3765
7.9946
7.3682
7.5161
7.718
7.3946
6.9161
6.0169
7.0245
7.5732
7.2328
7.2863
7.977
8.234
7.2357
6.7707
6.6789
6.4612
6.4427
7.6073
7.8874
7.6076
7.0987
6.7152
7.0015
7.2199
7.762
7.9607
7.6932
7.7046
7.489
7.8336
8.4859
7.6252
7.723
7.1321
6.5066
5.3144
6.2492
5.87
5.4101
5.0202
5.4787
4.7016
5.4494
5.7892
5.7909
5.8792
5.8899
5.8074
5.7758
5.7828
5.6168
5.4694
5.6612
-0.19147
1.8235
2.8049
2.8716
0.88122
2.1996
2.734
3.079
3.1745
0.21533
-0.52756
1.1031
0.95718
-0.31821
0.3887
-1.5191
-1.9636
-1.4957
-2.1533
-1.9386
-2.3125
-3.2866
-2.9662
-1.7956
-1.2165
-1.1029
-1.6613
-3.2683
-2.8129
-2.0894
-2.2693
-0.92481
-5.202
-5.7418
-3.9602
-2.8811
-2.9168
-3.0309
-4.637
-5.0878
-4.9169
-4.8825
-6.62
-6.6416
-5.9427
-6.3024
-5.0365
-3.9324
-2.2701
-1.9434
-5.2657
-4.4414
-5.7368
-7.1355
-6.4755
-7.3969
-7.4081
-6.5439
-8.7784
-7.9269
-9.056
-9.306
-8.161
-7.609
-6.993
-4.7713
-5.8393
-4.989
-4.087
-5.2785
-4.7231
-4.7707
-4.7873
-4.9794
-4.7932
-5.0286
-4.9373
-6.2502
-4.6261
-4.4278
-6.2388
-7.3637
-8.6041
-8.885
-8.0983
-8.401
-10.697
-10.594
-8.121
-5.7892
-3.6787
-1.1552
-0.72458
-2.2214
-5.0404
-5.2605
-6.6089
-6.5754
-7.988
-9.1726
-9.0364
-9.4961
-11.649
-11.358
-9.4458
-8.0218
-8.7338
-7.8548
-6.3251
-7.2116
-7.2612
-11.608
-12.915
-8.5535
-7.9478
-11.114
-10.309
-10.136
-10.602
-11.092
-9.652
-8.3417
-6.9925
-5.2333
-8.8036
-11.201
-11.35
-9.5541
-12.09
-11.49
-7.2295
-9.0585
-8.372
-8.2532
-5.6691
-7.5302
-7.7911
-8.3129
-6.495
-6.1107
-5.5606
-5.8399
-6.1037
-5.7546
-5.7014
-4.363
-4.8956
-6.6157
-7.3018
-6.9163
-6.5963
-5.8648
-4.7233
-3.6982
-2.4553
-4.1427
-3.8549
-4.4128
-4.2403
-3.1546
-3.9719
-3.8013
-5.5294
-3.2279
-1.6711
-2.3294
-2.257
-1.7433
-1.5066
-1.8786
-1.1582
-2.3392
-3.2577
-3.2865
-4.399
-5.4992
-4.4909
-3.5534
-3.6627
-4.5821
-5.27
-4.9166
-5.1895
-2.692
-1.9424
-1.6105
-1.2363
-0.38441
-1.0783
-1.3595
-1.3418
-2.4635
-3.4674
-4.426
-3.976
-1.3611
-1.8782
-1.3806
0.30447
-1.5692
-0.89957
-1.0715
-0.78031
1.5679
0.57858
0.83959
0.48736
0.60586
2.3094
0.09585
-1.5432
-1.3762
-0.24732
2.2301
2.73
3.1563
3.3986
2.9222
2.287
3.9014
3.7926
3.6019
-0.090857
-0.078589
-0.89878
1.1186
1.5547
2.0041
1.1722
2.2441
2.5099
3.4569
2.4376
1.4145
3.4204
2.4904
2.3607
2.8299
2.1149
1.9903
2.8152
4.3759
4.2351
4.2755
4.1869
4.7852
5.1793
4.6738
6.0886
5.2112
5.274
5.1967
5.0074
5.9489
7.6992
7.6526
8.0023
7.7568
8.0285
6.3897
6.7539
7.4358
7.1529
6.8476
8.6029
9.0099
9.003
7.5218
6.6166
7.8975
7.2044
7.6051
7.5219
7.236
0.94363
0.48022
0.23434
0.44338
0.22564
0.8305
1.1519
9.6727
10.692
10.518
10.435
9.7685
9.1092
9.0721
8.5919
8.3398
9.1938
9.3974
9.6758
9.262
9.8111
9.8633
9.8616
10.241
10.207
10.035
9.9306
10.274
10.392
10.446
10.356
8.29
8.5764
8.6394
9.0277
8.9614
8.9123
8.1296
7.809
7.9519
7.437
8.1723
7.7586
7.8905
8.1432
7.486
7.8968
7.9346
7.5504
7.1511
7.2463
7.9952
8.1092
7.7973
7.5975
7.1225
6.7399
6.5853
6.5899
6.7737
6.451
6.8638
8.2288
8.1916
6.7858
7.3508
7.2232
6.4378
6.6446
6.5747
5.9423
6.1037
5.8406
5.6109
3.9998
3.4494
5.1339
6.5801
6.0933
6.2077
6.1974
6.4044
6.1635
6.4123
6.8961
6.1826
5.4233
5.4862
4.9761
4.6085
4.2942
3.7291
5.1302
4.7953
4.8716
5.4821
5.3503
4.7391
3.7224
3.1113
2.4495
1.9738
1.533
1.7429
1.3386
2.0192
2.3761
2.7863
2.4926
1.9182
1.833
2.0938
2.3868
0.14587
-1.247
-3.3263
-5.3202
-4.9402
-3.83
-3.5288
-8.6817
-8.8998
-9.155
-4.9357
-4.3352
-4.1683
-3.5493
-3.5234
-3.7842
-2.9731
-3.8698
-4.3518
-4.3546
-3.7954
-3.0738
-2.5176
-3.115
-2.389
-4.9552
-4.7751
-2.9374
-2.72
-3.1418
-2.9224
-4.7963
-4.8291
-5.4328
-5.137
-5.3116
-6.1019
-6.2427
-4.712
-5.3606
-7.3108
-7.4143
-7.5501
-6.564
-8.493
-6.2175
-7.8627
-8.6811
-9.8651
-8.0944
-9.0228
-7.6992
-7.6126
-7.5132
-6.3192
-6.537
-8.384
-8.5826
-8.3934
-7.6111
-3.324
-3.7965
-8.1603
-7.9919
-7.0026
-6.2071
-7.1187
-7.4642
-7.7539
-6.1705
-7.2865
-8.5942
-7.4965
-6.0278
-7.4496
-7.5984
-6.3274
-5.4459
-6.0853
-5.9636
-5.8525
-6.4283
-8.5254
-9.5073
-8.4326
-5.8525
-5.4663
-5.4337
-6.0719
-5.225
-5.7406
-8.351
-9.0393
-8.4464
-9.1003
-7.1973
-6.575
-5.583
-4.575
-4.4381
-3.3711
-3.0853
-3.2354
-4.7615
-6.3402
-5.5953
-3.8803
-3.8278
-3.5139
-4.4849
-5.181
-3.7699
-3.5425
-3.0465
-3.3716
-3.8362
-3.2661
-4.2833
-7.9125
-4.8747
-3.8099
-3.3673
-4.139
-5.1728
-5.3623
-3.445
-3.7853
-4.7389
-5.1775
-6.0588
-5.486
-6.0891
-6.2149
-5.9106
-7.0955
-6.1605
-5.4818
-4.3135
-3.6533
-2.0996
-2.3763
-3.6378
-4.1218
-5.3745
-4.2059
-6.7594
-6.475
-5.2618
-4.3391
-3.9886
-4.7351
-4.2318
-5.2595
-4.347
-2.3914
-2.3399
-2.577
-4.6096
-3.1063
-2.7044
-1.8453
-2.0319
-2.7279
-3.3685
-3.1024
-3.2768
-2.6837
-2.7991
-1.0444
-1.213
-0.15418
-3.1019
-3.2722
-3.2261
-2.2844
-2.7621
-0.52357
0.32919
-1.8791
-2.7778
-3.1692
-0.86707
-0.54764
-0.34196
0.028619
0.14898
0.32144
0.36233
0.26653
1.1533
1.2913
2.4371
2.0668
1.2725
2.2208
2.9632
2.3284
2.5354
2.8187
3.0877
2.1044
3.493
3.8101
2.7024
2.9187
2.6229
3.0367
4.3961
4.1502
2.6399
2.7367
1.6389
4.2763
5.297
5.4849
5.5777
4.7395
5.2617
7.7685
5.3859
5.6233
5.6627
6.6135
6.738
7.2003
8.2231
7.012
6.7327
7.2382
7.2912
7.7531
7.4199
6.7998
5.1224
6.1582
5.9073
4.6341
4.3522
4.5068
4.6496
4.2907
4.7136
6.7069
7.5548
7.5762
6.9629
7.6185
10.773
13.882
13.855
8.5239
7.4349
6.5423
6.5091
6.272
5.9836
6.5807
7.3117
6.4322
6.543
6.902
7.8092
7.0369
6.7467
6.6278
6.5298
6.4484
6.4662
6.3342
5.721
5.9506
6.5137
6.406
12.495
12.943
13.035
12.974
12.307
11.364
11.02
11.543
12.323
11.721
7.7714
6.9369
6.4796
5.9699
6.3265
6.6251
7.381
7.2827
6.7815
6.6771
6.8427
7.8052
6.893
6.7482
6.6564
6.55
7.0102
7.275
7.5747
7.3292
7.2604
7.953
7.7299
8.1018
8.0146
7.6117
6.6332
6.2528
6.6487
6.0319
5.6674
6.0013
6.2635
6.2288
6.5394
6.5038
7.5698
8.0063
7.5076
7.1957
7.1834
6.0171
6.246
6.1338
5.2249
4.2399
5.2555
5.667
5.1271
4.8399
4.7038
4.0374
5.3423
4.4023
4.4066
4.8622
4.7815
3.8949
4.0598
5.2422
4.7969
5.6667
5.9134
5.1571
4.058
3.6828
2.909
3.5875
3.6161
2.978
3.3453
3.1629
2.7365
1.9556
1.9741
1.6441
1.7371
1.0362
1.179
0.12087
-3.5932
-3.4187
-4.2416
-4.4769
-3.7371
-3.5117
-4.7735
-5.2489
-6.1482
-6.2011
-5.2245
-4.5248
-1.3101
0.35095
0.9653
-1.751
-1.6984
-1.913
-3.892
-2.3001
-1.66
-0.12916
-1.7477
-2.6595
-3.4023
-4.5724
-4.4249
-3.4384
-3.774
-4.4753
-4.0502
-5.6987
-3.5007
-5.219
-6.8235
-8.5266
-9.3529
-9.3406
-12.402
-8.1126
-7.598
-9.895
-9.073
-6.8881
-3.6804
-3.2647
-3.3778
-2.7239
-6.3301
-6.4847
-7.6072
-4.8486
-2.3559
-7.0162
-6.0107
-6.5319
-5.238
-3.7445
-6.0196
-4.8326
-3.2065
-2.8319
-3.9679
-4.8602
-6.0009
-6.4953
-4.6977
-5.6856
-4.9759
-6.7275
-5.0548
-3.3713
-6.2547
-8.4353
-6.7239
-5.6544
-8.1138
-8.385
-11.211
-11.476
-8.4965
-6.6397
-8.3643
-10.35
-11.165
-12.517
-10.683
-9.9472
-9.8763
-9.4028
-7.1965
-8.8298
-10.577
-7.6179
-6.0806
-4.9776
-3.9983
-3.0662
-4.2934
-3.6061
-3.7416
-4.0273
-2.8823
-2.8432
-4.7471
-4.7138
-5.6912
-5.8113
-6.9255
-10.062
-7.1101
-7.9806
-8.8472
-6.2371
-8.4353
-8.099
-7.9799
-9.092
-14.833
-14.361
-15.372
-14.421
-12.4
-10.542
-10.222
-7.9296
-8.9624
-9.5897
-6.9005
-10.162
-9.2018
-9.8525
-2.1761
-5.8342
-6.9085
-6.4444
-6.3125
-8.1159
-6.0211
-6.2016
-5.8623
-5.6864
-4.6371
-3.0216
-2.432
-1.0005
-8.9705
-6.1577
-4.7312
-1.5128
-2.2272
-1.9005
-2.2352
-3.3553
-4.1494
-4.9851
-4.4048
-2.4303
-0.58082
-0.45908
-1.4851
-0.74012
-0.0098328
0.1177
-1.1457
-1.6036
-0.67249
-0.38581
0.94674
0.44299
-1.215
-1.9649
-1.0862
-0.031042
-0.39722
0.93887
1.4342
1.6465
1.6949
0.55792
0.77068
1.0556
1.1743
1.9077
1.7443
1.5348
-0.58842
0.18646
1.1623
0.51202
0.74905
0.81048
0.96993
2.0192
2.9374
2.8144
2.1361
2.9874
4.4487
3.4442
3.6807
2.9001
4.1205
3.9538
3.3011
2.9277
3.7064
4.6578
3.9093
4.3508
5.4114
4.3729
5.9866
5.7077
5.2656
5.6016
4.9958
3.8715
3.6384
2.7644
4.5788
4.7459
3.7005
5.402
3.4455
5.887
4.9094
5.3677
5.6602
5.8849
6.8691
7.2339
8.0781
6.5383
5.5776
8.094
7.2415
7.468
10.863
8.7705
7.3724
7.8359
6.0118
5.045
5.8509
6.7418
6.8125
5.8035
6.1367
6.7726
8.7106
8.3961
8.8004
10.023
6.1918
4.3344
3.9518
4.7776
4.5414
5.0615
4.4513
4.3647
8.5556
11.164
11.383
6.0111
4.8654
3.3638
4.3899
4.8633
5.8783
6.1301
8.2216
11.802
11.614
11.088
10.263
10.079
9.775
9.7182
10.396
10.443
10.35
10.643
10.694
12.926
12.884
7.0028
6.7132
6.6583
6.4068
6.6058
6.7583
6.9431
7.2572
7.3538
7.3371
7.1059
10.559
13.206
13.625
13.121
6.5705
5.8744
4.7134
5.7823
6.4471
6.5444
6.1231
6.3904
6.265
5.7837
5.2412
6.0657
6.2672
6.4008
6.7772
7.3059
6.8556
6.9369
6.1858
6.3891
6.9465
6.7691
6.2141
5.5734
6.0106
4.9997
6.0628
4.687
6.191
5.5078
5.525
4.7814
5.2602
5.0066
4.6978
5.0527
4.9605
5.0159
5.0436
5.21
5.5032
5.0807
4.8618
5.3116
4.6312
2.99
3.4273
4.6593
4.6195
4.0185
4.184
5.1417
5.0716
2.7873
2.079
3.3666
2.8599
3.1573
2.2024
2.2141
0.94943
-0.18766
-1.1833
-0.93796
-1.7194
-1.3138
-0.32068
1.3978
1.9495
1.1741
-0.54267
-0.35566
0.073297
1.5077
0.69213
-1.4652
-2.3827
-1.7867
-1.1311
-2.8674
-2.1337
-3.1658
-3.9314
-5.2305
-4.4429
-8.6904
-8.2214
-6.6107
-5.508
-3.0435
-3.6236
-5.2767
-5.3065
-4.865
-5.8765
-3.4824
-3.2547
-3.3829
-3.5075
-3.9602
-4.3821
-4.5425
-6.0299
-5.2978
-7.2728
-4.8253
-6.4781
-5.9112
-5.8478
-5.9804
-6.1458
-6.431
-7.9164
-7.1357
-7.0987
-8.0103
-7.665
-6.45
-7.826
-9.9315
-8.7827
-7.1929
-6.2022
-5.7784
-5.5792
-4.9068
-5.5771
-4.3266
-4.3082
-3.8571
-5.7515
-4.9692
-5.5432
-5.9815
-6.7214
-8.0689
-7.4455
-8.5762
-8.2278
-8.5555
-7.9066
-6.2641
-5.486
-4.851
-5.9963
-7.4657
-8.4833
-8.8062
-8.1704
-7.7502
-7.346
-5.2983
-5.1147
-5.3685
-6.4388
-8.8793
-14.037
-10.015
-6.4381
-8.6791
-7.8251
-9.1394
-14.155
-12.701
-9.9927
-11.968
-15.761
-13.792
-13.138
-11.918
-12.241
-8.9784
-8.3528
-7.9305
-4.952
-9.6981
-12.2
-11.965
-13.834
-11.724
-9.7336
-8.3846
-6.7738
-7.9802
-6.3044
-8.6553
-8.247
-6.6585
-5.1205
-6.7929
-8.0694
-8.7774
-8.8339
-7.0599
-5.2342
-5.5663
-4.7392
-4.3444
-5.6389
-5.8505
-5.2011
-4.439
-4.9635
-4.5011
-4.3832
-4.9898
-4.4972
-4.1656
-4.1793
-2.8997
-2.9989
-2.6581
-3.2252
-2.4831
-4.5139
-3.2902
-4.284
-3.6048
-3.4829
-1.5967
-4.8879
-4.5445
-4.9473
-5.4227
-5.3661
-5.4472
-4.7203
-1.8783
-1.1216
-0.90375
-1.3466
-0.058173
-0.78492
-1.7289
-0.30466
0.6582
1.1911
0.82766
1.5034
-1.1979
-1.3
0.6618
0.51455
-0.79621
-1.0986
0.34625
0.7301
1.6035
2.2791
2.5646
2.0123
2.4629
0.04574
0.87982
-0.38868
0.50073
0.83172
-1.0603
-3.3833
-1.8517
-1.0528
-1.7609
-1.547
-1.5147
-1.4718
2.0901
1.3128
1.3471
1.3916
3.2646
5.1996
5.6604
6.0528
5.6545
4.9161
3.9893
4.3456
5.5536
5.2309
5.3722
4.519
5.3816
5.3011
5.6985
6.6037
6.5078
6.5792
5.8637
6.6809
6.8784
6.8842
7.4739
7.7382
7.7515
8.5001
9.0663
8.5365
8.8711
9.8855
9.6493
9.702
3.5334
4.2709
3.4586
7.0762
10.062
9.9343
10.418
9.9158
9.733
5.3361
4.2121
4.5926
2.6384
2.4561
2.9829
3.1962
3.7305
4.4306
4.3858
4.1815
3.0019
2.849
3.2693
3.2167
3.6551
4.0707
4.1603
6.4867
7.6043
9.8655
5.6049
7.329
10.312
10.884
10.981
10.064
9.4624
9.6511
10.281
10.367
10.194
10.116
9.9003
10.007
10.137
10.067
10.396
10.267
7.6752
7.3813
7.2937
7.5561
7.7436
8.0468
7.6376
7.4024
7.3735
7.2791
7.0628
6.7623
7.1747
7.5919
7.1496
7.2463
7.8953
7.5099
7.0088
7.7812
7.2391
6.9857
7.1645
7.3492
7.4322
7.2513
7.1076
6.9174
6.2978
6.1124
4.9361
6.6952
7.5123
6.8422
5.9594
5.4481
0.8525
0.10946
-0.21454
5.3009
6.2024
6.5622
6.6786
6.1942
6.3491
6.6179
6.9552
7.1476
5.8889
4.5914
5.8586
5.8942
5.3065
5.7379
5.5256
4.82
4.6284
4.9308
5.3616
4.8788
4.3584
4.8719
5.2726
4.5756
3.9385
3.4309
2.8331
2.6644
2.4944
0.89337
0.22668
1.3154
1.5618
0.21859
0.35381
0.16915
0.63049
1.3912
0.40164
-0.90302
-1.1789
-4.9712
-4.2694
-5.0516
-5.8921
-4.269
-3.4143
-2.1374
-3.4353
-7.129
-7.6801
-7.7954
-4.3424
-4.874
-5.1898
-5.918
-7.325
-5.7659
-4.5297
-2.6996
-4.465
-4.3332
-4.6433
-3.9196
-4.1526
-4.5194
-2.7802
-2.3863
-2.5553
-2.8855
-3.0335
-4.502
-6.7611
-5.8292
-4.1713
-4.5326
-3.5902
-3.0675
-3.721
-3.0464
-2.3431
-3.2797
-2.9845
-3.4387
-4.8383
-3.8705
-3.3918
-3.3777
-4.2607
-2.4067
-2.7249
-4.6792
-7.1976
-6.0075
-5.8045
-6.6174
-4.69
-4.3398
-4.8007
-4.4917
-1.8171
-0.67179
-2.0768
-5.4273
-7.5462
-7.6864
-6.6382
-5.4996
-5.7046
-8.7315
-9.4089
-8.2558
-10.11
-9.7568
-9.5385
-8.3963
-6.9288
-8.7858
-9.7558
-7.8321
-7.2795
-8.8376
-8.0444
-9.5536
-9.8606
-6.3647
-6.7604
-5.171
-5.0481
-4.4232
-4.7928
-4.491
-4.113
-4.1507
-2.0259
-2.7026
-1.6855
-3.2513
-5.3213
-6.4109
-5.6849
-4.654
-5.2009
-7.5821
-8.4561
-8.3051
-7.7513
-7.5021
-6.8198
-6.6002
-5.2297
-5.1148
-4.1283
-3.2947
-5.4887
-5.7123
-6.5414
-4.9339
-6.0039
-5.148
-5.6371
-5.9459
-5.0623
-6.8735
-7.8146
-8.6432
-6.6626
-5.8771
-7.3787
-7.3248
-8.4701
-8.5377
-7.2953
-4.7619
-5.5313
-6.0898
-6.6745
-4.6869
-5.7911
-5.7903
-5.6083
-5.5498
-7.3525
-5.9111
-3.5118
-3.1941
-3.6283
-4.7231
-2.8429
-3.2091
-3.3738
-2.8722
-2.7753
-3.2806
-3.1046
-3.2908
-3.3534
-6.649
-4.4581
-2.8381
-3.2726
-3.7141
-4.017
-0.91135
0.52407
1.6656
0.20831
1.7857
2.0861
1.6112
1.1827
-1.9714
-2.2841
0.68789
0.11245
0.46047
1.6348
1.9011
0.85662
0.26513
0.90133
1.9756
2.0798
1.1572
1.8642
0.95172
0.89224
1.6622
-0.29737
2.2457
2.0669
2.2783
2.907
2.4794
1.859
0.040186
0.6033
2.2487
1.8671
0.45602
0.51177
1.056
1.0276
1.2981
0.46053
0.79009
2.7386
1.6852
1.5919
2.6787
1.5306
4.0689
4.7594
5.4087
5.8255
4.3257
3.3758
4.418
6.1231
3.8576
1.7255
2.5398
1.9409
2.6948
4.9893
4.5539
6.1888
6.5459
6.4973
6.5232
6.4992
5.9048
5.0943
3.5375
6.1707
4.9338
6.0969
6.0542
6.8156
6.8013
6.431
6.5056
6.2036
6.0494
6.3066
6.2124
7.0882
6.8144
7.8223
8.0697
8.0049
8.4973
11.139
14.425
14.249
13.718
13.622
8.3256
7.402
7.0407
6.9261
7.1377
7.0671
7.8167
7.9156
7.9666
7.593
7.6382
7.3761
7.5906
7.8485
7.5336
7.2784
7.3192
7.9133
7.1591
7.3722
7.7022
9.1372
8.2612
8.5495
7.4351
6.9818
11.054
13.807
4.7928
4.0206
5.2393
5.0116
4.3772
4.3384
4.3496
4.1908
4.0019
3.7288
10.087
10.932
10.614
10.537
9.6492
9.5387
9.3278
9.2067
9.5003
8.9693
8.5301
8.0907
7.938
7.8596
8.6513
8.7436
8.5787
8.636
8.7725
8.8684
9.5364
7.6473
7.5915
7.1208
6.1565
6.1829
6.2199
5.4115
6.1437
5.9124
6.5261
6.4203
6.0948
6.1095
6.0421
5.4754
4.9141
4.8323
5.3608
6.0603
5.6428
4.9004
4.9766
5.1068
5.1157
4.4752
5.517
5.5892
5.0359
4.8121
5.0885
7.5029
8.6179
9.3098
8.9826
9.3313
9.2644
9.2035
7.2624
-1.3101
-1.5317
-1.4836
-1.3759
-0.42399
-0.35374
-0.69697
-0.75748
-1.7966
-3.2284
-3.2801
-1.9728
-2.1724
-1.6909
-0.91782
-3.2099
-3.6469
-2.3314
-2.3055
-2.0365
-2.0331
-1.124
-1.7123
-1.6924
-1.885
-1.831
-1.156
-1.4502
-1.8155
-3.123
-4.1635
-4.5859
-3.9229
-1.8337
0.089105
0.35992
-0.054053
-0.72681
-1.417
-3.0689
-8.797
-8.7
-6.7817
-5.6373
-5.2848
-3.819
-4.1392
-8.3809
-6.7763
-5.5557
-5.3867
-0.48881
0.079706
-0.52112
-4.6787
-4.2105
-4.2194
-5.8569
-7.6238
-8.45
-6.2192
-4.7489
-4.9785
-4.7507
-4.3829
-6.1185
-5.7915
-6.3674
-7.4479
-7.9612
-7.5627
-7.9476
-7.8238
-8.1647
-10.484
-9.2469
-7.2827
-8.8663
-8.9891
-7.9705
-9.2789
-6.7795
-4.5817
-6.8973
-10.942
-9.0738
-7.9179
-9.2873
-9.46
-9.1961
-7.1191
-8.0687
-9.3142
-9.4078
-10.944
-10.346
-7.8044
-8.1927
-8.2632
-6.1787
-7.5518
-7.1911
-8.0444
-8.7633
-7.6575
-7.1454
-8.6519
-8.4387
-7.6537
-9.4987
-8.9751
-7.8437
-9.9678
-8.8961
-8.6412
-10.752
-11.285
-11.764
-9.8632
-9.5533
-7.2255
-6.5165
-5.1571
-6.2088
-7.3539
-7.1116
-7.5396
-8.5026
-9.9448
-8.889
-8.6939
-10.286
-9.9371
-7.2605
-6.6724
-5.9782
-6.944
-7.6004
-7.4607
-6.9384
-7.9024
-6.1428
-4.7651
-4.3704
-5.6688
-4.7619
-1.82
-1.9958
-2.6539
-2.3296
-1.9085
-2.0975
-1.5852
-1.3258
-1.6475
-1.3202
-1.8055
-3.2676
-3.5108
-4.6515
-4.1876
-2.598
-0.38877
-0.27341
-0.4235
-1.8148
-0.51102
-0.61509
-0.28187
-2.0051
-2.4548
-2.2744
-2.867
-2.1807
-2.4306
-2.4428
0.4378
0.70767
0.80822
0.54006
1.1887
0.85528
1.4589
1.4603
2.6989
1.7453
2.4917
1.7667
1.8818
2.7397
2.6789
2.4136
3.2478
2.4165
3.0382
0.79952
1.5287
-0.43253
0.30651
0.927
1.2496
2.5374
2.9494
2.7864
3.5416
3.4758
2.3815
2.5682
3.2895
3.6106
2.2398
2.3855
3.0398
2.5909
3.0893
2.9931
2.5533
2.3185
3.3447
2.9602
3.6186
5.5741
4.5883
5.1815
3.463
3.6687
4.8154
3.8811
2.8635
3.4703
3.3074
3.2758
4.145
3.2839
4.5866
1.3825
0.38683
1.5717
6.3451
6.2757
6.3311
7.2675
7.5178
7.9387
7.3586
6.4715
5.3278
5.5471
6.2428
7.3775
8.0078
8.356
8.2639
8.534
8.6887
8.6398
8.5456
8.3842
8.6358
9.1177
9.4538
9.2571
9.0656
9.4871
9.522
7.9959
7.6539
8.35
7.7435
7.7676
7.9246
7.84
8.5076
8.8625
8.2476
8.1078
8.1904
7.9601
8.3125
8.6855
8.6401
8.8863
9.2622
8.1714
8.0606
7.708
8.535
8.7412
8.8655
8.32
8.1234
7.7194
8.459
8.2337
8.1987
8.246
7.7386
7.7081
7.627
7.9556
8.0331
7.7624
7.8415
7.8062
8.4577
8.6
8.1909
8.1823
8.1606
8.0796
8.1022
8.39
8.0446
8.1566
7.9188
7.4539
7.4913
7.5358
7.9699
6.69
6.7513
7.3972
7.4747
7.1564
7.3432
7.4644
7.5313
8.0022
8.054
7.5726
7.4175
7.6139
7.104
6.7492
6.6292
6.4091
6.3537
6.1071
6.4754
6.4062
6.3627
5.6581
5.3598
5.8667
5.9288
5.3278
5.7731
7.0125
6.8886
5.9878
4.7037
4.2385
3.4983
3.061
3.3401
3.7136
4.5474
6.2187
5.4843
5.5119
5.001
4.4762
4.9474
6.2508
7.7229
5.5539
4.7108
3.4427
3.1239
1.0231
1.8441
1.8863
1.9183
1.6406
0.58993
0.27343
-0.012762
-1.5042
-1.7148
-2.583
-4.1235
-4.0889
-2.7618
-4.3982
-3.5066
-2.8427
-1.7488
-1.2079
-1.7163
-1.438
-1.2608
-1.0734
-1.1076
-2.0007
-2.4163
-1.0303
-2.1468
-1.0457
-2.6814
-3.2055
-3.4817
-3.0751
-1.9565
-1.079
0.24893
-1.0706
-2.9447
-4.9398
-4.7258
-1.1157
-0.77695
0.54843
1.311
0.33608
-1.3307
-3.9294
-6.1859
-4.3514
-4.9319
-6.0209
-5.5721
-6.111
-5.1631
-4.938
-4.9335
-2.7022
-5.3663
-6.6737
-6.8651
-7.6379
-7.2062
-8.199
-6.5214
-6.0952
-8.7658
-10.74
-10.59
-8.5019
-9.2044
-11.827
-11.022
-10.722
-9.4532
-8.9541
-9.0183
-6.6974
-4.6614
-4.8835
-3.7099
-7.7206
-9.0037
-9.2857
-8.0722
-8.7436
-10.084
-9.7828
-9.8583
-11.244
-10.065
-8.2433
-8.8276
-8.7029
-10.13
-9.8723
-11.383
-10.711
-10.153
-12.136
-8.1975
-8.9013
-9.9515
-9.4045
-8.6294
-8.9287
-8.8477
-9.4466
-7.4175
-8.1553
-7.9692
-6.81
-8.6199
-7.498
-6.0743
-5.9809
-6.5902
-6.8192
-6.2001
-8.0589
-9.2075
-10.856
-9.3801
-8.5388
-7.3033
-6.9117
-7.7901
-4.9332
-10.649
-13.333
-14.289
-11.651
-10.53
-11.021
-11.303
-10.569
-9.8928
-11.619
-11.951
-10.984
-6.6295
-4.4223
-5.6135
-5.206
-5.679
-4.6183
-4.6463
-6.3064
-4.9258
-4.2685
-5.9798
-6.8472
-4.7708
-4.8558
-4.5667
-2.383
-2.8627
-2.6145
-3.6623
-3.9455
-5.5277
-3.5719
-4.9514
-2.4687
-1.5023
-1.687
-3.1469
-4.1477
-3.3367
-4.6949
-5.0096
-3.6431
-3.6385
-3.4789
-4.5437
-4.1347
-4.4268
-3.0864
-2.7169
-2.7038
-2.1355
-1.7347
-1.607
-1.7348
-2.1404
-2.8069
-0.76923
0.97457
-0.3537
-1.1669
-2.2135
-1.6326
-2.8336
-2.7817
-0.61063
0.15249
1.1053
0.93914
1.4419
2.1016
2.1332
2.0334
2.347
0.71313
0.28747
1.1416
2.4254
3.2148
2.5645
2.9681
3.6088
3.1344
2.9895
3.8528
3.4947
3.1955
3.0661
2.6172
3.9287
3.9396
4.6807
3.1233
3.8484
3.426
3.4241
4.5455
4.2649
4.2501
3.889
3.3527
3.7585
2.9017
4.5248
5.0049
4.9352
5.0024
5.2244
5.1257
4.4772
4.5203
5.5224
6.6201
7.9334
8.5703
6.8995
6.4543
5.3025
6.3791
6.7739
6.1771
8.1174
6.3459
6.5169
7.3196
7.4795
7.0106
6.8398
6.989
7.5052
9.809
10.025
11.603
11.748
11.859
11.768
11.592
11.036
5.7865
5.5874
6.2354
8.1372
5.6956
5.0964
5.2639
6.0024
5.6388
6.4392
5.6038
5.6471
6.6408
8.5755
11.427
11.194
6.1357
5.5347
5.2424
5.1845
5.5003
8.064
6.7834
8.6194
11.495
11.582
6.1759
5.5307
5.6391
5.8887
5.665
5.4503
4.7643
4.0157
4.5079
4.6906
5.0221
4.6832
4.693
4.852
5.2332
6.3554
6.4661
5.489
5.0985
5.1777
5.5999
10.477
10.957
10.579
9.8254
9.1388
9.2629
10.395
10.497
11.527
10.809
6.5931
5.8766
5.3745
6.1842
6.5949
6.8532
7.4574
7.4484
7.372
7.3494
7.067
7.0261
6.8493
6.8129
7.105
7.0639
7.449
6.8501
6.7416
6.502
6.4271
5.9432
6.2753
6.3082
6.1559
5.2665
-1.2421
-2.3695
-2.4548
-2.7606
0.44155
1.692
2.3526
2.2336
2.3843
2.0127
2.2106
1.8465
0.47173
1.197
2.2279
2.1594
1.8839
0.76
0.30947
0.49658
0.71795
-0.12491
-0.18516
0.64373
-1.2006
-1.2243
-1.0237
-3.3905
-2.9098
-3.729
-3.0771
-2.0985
-2.2166
-1.666
-4.1493
-0.99961
-0.95676
-2.6632
-2.2593
-2.3858
-1.8158
-2.4828
-1.1109
-2.424
-2.9506
-2.3682
-3.3182
-4.9947
-5.5044
-6.1013
-6.5759
-5.6783
-4.5514
-3.6542
-4.1587
-1.9775
-2.3294
-2.5175
-4.2148
-4.3635
-4.4617
-4.7604
-4.3356
-4.317
-3.5438
-1.8568
-2.2696
-4.6954
-4.7058
-3.9825
-4.3418
-3.8337
-6.7001
-5.9791
-5.771
-7.1037
-6.9333
-6.372
-9.2658
-10.201
-8.6277
-7.1601
-5.2572
-4.2592
-5.2677
-5.4386
-5.4176
-3.4699
-5.7564
-4.0876
-5.4497
-4.2526
-5.2501
-6.0137
-5.7841
-3.0304
-3.19
-7.1203
-13.461
-12.828
-13.009
-9.7755
-11.716
-10.409
-10.393
-14.122
-14.833
-14.899
-14.697
-13.75
-11.662
-9.7395
-9.723
-11.317
-10.492
-13.18
-15.226
-10.03
-8.0917
-11.656
-10.434
-11.314
-12.62
-12.119
-12.28
-11.626
-10.487
-8.9507
-7.3127
-5.6354
-6.3932
-8.343
-9.6177
-5.3578
-3.5061
-10.301
-10.645
-11.436
-10.311
-8.445
-6.9146
-6.3436
-7.8286
-7.7242
-8.9905
-7.8395
-5.6859
-6.7267
-6.1296
-6.156
-6.2032
-5.7743
-5.7888
-7.531
-5.6851
-8.8097
-8.6583
-9.2434
-6.993
-5.6656
-4.2151
-5.5454
-6.8966
-6.337
-8.7232
-9.1958
-6.662
-4.7387
-3.4454
-8.5829
-6.2421
-4.5169
-4.3157
-3.7767
-2.0225
-2.5328
-4.5501
-4.6149
-1.9924
-1.5049
-1.3801
-1.7279
-2.0625
-2.7409
-1.3591
-2.0248
-2.1375
0.62679
0.86733
0.9378
-1.6924
-2.0329
-2.6404
-1.0355
-0.66196
-0.63541
-1.0515
-0.97425
-2.0559
-0.88099
0.27307
-1.2684
-2.2292
-1.0395
-0.6832
0.16641
1.3971
3.1877
0.66491
-0.38511
0.059442
0.18582
-0.43915
-0.34775
-0.74433
-1.9119
-1.1897
-1.8929
-3.0999
-1.9695
-0.86521
0.68109
0.58993
0.72274
1.3815
2.9666
2.8643
2.6727
2.7329
2.6024
2.7111
-0.85502
1.7906
5.7607
5.3164
4.9868
4.5815
4.5968
5.4777
3.5057
4.2933
5.999
5.678
5.5683
5.4915
5.2801
5.5279
6.1321
2.6586
3.0677
2.1588
1.4941
2.6244
2.9547
2.5267
8.3684
7.6007
6.4903
7.4852
8.2683
9.4804
9.3174
9.2045
9.5091
9.9323
9.8605
10.18
9.8605
10.116
10.371
10.677
10.332
9.6212
9.5666
9.4546
10.164
10.381
10.347
7.8589
7.5993
7.6145
7.7258
7.8471
7.863
7.3754
7.7497
8.0184
7.9072
7.8933
8.093
7.8145
7.6832
7.5555
7.6358
8.534
8.3
8.3716
8.4657
8.4166
8.9613
9.1772
8.5355
8.0838
7.7632
8.1598
8.4169
7.751
7.9376
8.4296
8.1198
7.8997
7.6229
6.7575
7.5755
7.8856
7.9616
7.378
7.0641
7.3032
7.244
7.331
6.9831
7.1557
7.528
7.7774
8.1017
7.7623
7.9186
7.7761
7.4971
7.8738
7.6613
7.6677
7.1983
7.3202
7.2484
7.5378
7.4608
7.0609
7.1175
6.9798
7.0772
6.1347
5.5389
6.088
6.8325
7.2375
7.3281
7.6349
7.1283
7.4188
7.207
7.5959
7.5989
7.3542
6.9762
5.5863
4.9726
5.5355
5.4304
4.7662
3.7434
2.8959
3.2079
3.1833
4.0511
4.4127
4.9722
4.7408
4.798
5.5354
4.4375
4.4204
3.3113
3.0176
2.3012
1.9579
2.4991
2.5465
2.7933
1.3429
-4.5618
-4.6125
-4.1478
-2.2535
-3.4705
-3.1292
-4.1701
-3.6368
-3.2513
-2.8059
-3.5437
-0.87977
-1.4612
-1.8071
-2.319
-5.3443
-3.6231
-2.8086
-2.0485
-3.0196
-6.1531
-6.5931
-2.4397
-3.1206
-3.4692
-4.2485
-5.8062
-6.5469
-4.5386
-3.9075
-4.1821
-4.4834
-4.9336
-5.5324
-4.7547
-3.9792
-3.1079
-3.4121
-5.4154
-4.8211
-8.3669
-8.8931
-10.137
-8.2535
-7.962
-6.9137
-6.2895
-6.0089
-6.8299
-7.6067
-5.2824
-3.4404
-2.4424
-1.7954
-1.3378
-1.4291
-3.098
-4.6325
-5.2867
-6.7229
-5.888
-8.1665
-7.7071
-10.398
-8.6297
-10.015
-10.089
-10.301
-9.9803
-10.832
-7.5567
-6.761
-3.747
-6.2029
-8.2428
-10.834
-9.9139
-9.81
-9.713
-10.441
-9.7707
-6.6891
-8.734
-10.964
-10.869
-13.455
-13.538
-13.862
-13.498
-11.32
-11.159
-9.4269
-7.3855
-8.1755
-9.2034
-7.8516
-7.7673
-7.4617
-7.5969
-10.105
-13.995
-10.226
-8.3529
-9.1775
-10.779
-10.7
-9.6819
-9.364
-7.2312
-7.4451
-8.2715
-7.1352
-7.9942
-9.4012
-10.494
-8.108
-5.8642
-7.4633
-11.592
-11.555
-9.3546
-8.4577
-8.1566
-7.8141
-8.3888
-8.5992
-7.3942
-5.579
-8.6026
-12.031
-9.9707
-9.113
-7.6061
-6.7201
-6.4146
-9.853
-9.1468
-9.7596
-10.906
-10.69
-6.34
-4.6201
-4.1162
-3.6314
-4.7413
-4.3765
-3.9223
-4.7503
-4.151
-3.7366
-4.5811
-4.032
-3.1119
-3.2894
-3.9283
-3.945
-5.5456
-6.5377
-4.8362
-3.497
-3.2262
-3.4431
-2.4696
-2.2087
-2.9372
-4.3792
-2.8293
-3.636
-4.4893
-4.6294
-5.7006
-3.1193
-2.9541
-1.8503
-2.3745
-4.0959
-2.4959
-4.509
-4.0052
-2.9361
-1.3329
-0.95859
-0.77399
-2.3376
-1.4252
-0.93824
-1.0725
-2.3643
-4.5608
-4.1687
-2.4768
-2.0467
-1.9378
1.5562
3.0091
3.8499
5.0346
4.6457
4.5341
5.8922
7.2629
9.5617
8.3479
6.6974
2.0095
1.9889
1.1891
1.0636
1.0796
1.3112
2.3829
3.0955
1.307
1.6173
2.5614
2.8275
2.7388
3.3453
2.4344
2.4497
1.369
3.0111
3.7971
3.3341
3.1736
3.6897
6.2956
6.5299
6.4102
5.9292
5.2569
6.2836
6.7322
7.2146
7.5055
7.372
7.4931
7.264
7.2994
6.7803
6.4054
6.3232
7.5006
8.0731
7.6451
7.342
7.2331
6.8265
6.3664
6.8991
7.1351
7.7623
8.2766
8.2509
8.333
8.1739
8.0376
8.5282
8.0644
7.9945
7.6653
7.8072
6.0499
6.0744
6.6352
6.1581
6.2393
6.527
6.7972
6.7792
8.9059
11.902
11.904
12.141
12.125
12.177
12.089
12.074
12.542
12.295
12.353
12.073
6.0077
5.4735
5.9013
5.7935
5.9438
5.7622
5.6106
5.112
5.2324
5.1652
5.175
2.0884
1.1728
1.3627
1.7765
2.4086
7.4508
7.8904
8.0193
8.3198
8.6855
7.8789
7.2351
6.9316
6.8362
7.0105
7.536
7.7885
7.1905
7.0173
6.8769
6.772
7.7596
8.1359
8.0815
8.5488
8.6369
8.1872
7.9349
7.9716
8.1349
8.4192
12.07
12.343
12.051
11.779
10.896
6.3031
4.9351
4.6922
5.0088
4.6557
3.5453
3.821
4.3882
4.3823
4.2896
2.6863
3.4085
4.7039
4.8236
3.8291
4.4778
5.1246
4.8855
4.9937
5.1135
4.0761
3.4051
3.2056
4.3255
3.669
4.2534
4.6282
5.0088
4.4245
2.5201
2.2321
2.1676
2.1967
2.2505
2.4537
2.7436
2.0194
3.1448
3.4469
3.365
2.9431
2.3346
1.1315
-1.7122
-2.933
-2.1838
-0.87418
-1.4921
-0.52042
-0.35193
-1.3438
-2.7717
-3.7115
-2.7879
-2.9168
-3.2568
-4.6325
-5.7526
-5.5871
-5.3903
-2.5956
-3.3489
-4.726
-5.742
-4.7777
-5.7511
-5.8803
-6.2241
-7.1913
-6.2241
-3.9947
-3.4685
-3.1394
-4.9991
-4.4469
-5.2282
-5.261
-4.528
-5.2355
-3.5756
-3.7985
-4.3501
-3.1225
-4.6442
-4.5317
-3.6217
-3.3474
-2.6648
-4.0718
-6.2884
-5.1448
-5.1794
-4.7852
-5.7138
-6.0177
-7.4586
-8.8804
-7.4199
-5.8764
-10.266
-10.796
-9.9957
-10.036
-10.455
-10.87
-10.163
-9.3118
-7.8491
-6.7379
-7.1061
-7.8093
-6.5248
-6.7059
-9.1137
-11.08
-8.5344
-7.186
-10.41
-11.24
-12.954
-12.436
-13.822
-15.483
-15.213
-13.744
-12.553
-12.566
-11.101
-11.47
-8.8349
-10.68
-11.479
-8.2011
-6.3559
-5.8583
-8.6666
-10.097
-7.2766
-7.1944
-8.2602
-11.154
-10.558
-8.9951
-10.26
-9.4783
-9.0974
-8.8194
-8.7505
-7.9577
-8.0625
-7.3069
-9.0316
-9.8359
-11.064
-9.7997
-10.146
-11.302
-12.25
-13.612
-14.52
-10.626
-7.6647
-9.71
-11.362
-10.935
-10.189
-9.0299
-11.262
-11.175
-7.0545
-8.6718
-8.9949
-9.3219
-7.4967
-8.2967
-7.9945
-5.0874
-7.0645
-8.6997
-6.9812
-8.2156
-7.8595
-7.6454
-7.3308
-5.3801
-4.4971
-4.3216
-6.0599
-7.3402
-4.6817
-3.5746
-3.9662
-2.8485
-4.7311
-7.0828
-7.1667
-5.2533
-4.4485
-5.3071
-4.1592
-5.9477
-4.37
-4.388
-4.9977
-4.4035
-6.9287
-7.3637
-6.4488
-4.7604
-1.5051
0.44494
0.5978
0.89175
-1.1766
-2.1239
-3.7712
-2.4094
-1.3236
-3.652
-1.8424
-2.1077
-1.9898
0.49468
-0.84089
-0.24824
-2.9739
-1.9616
-0.049475
-1.48
-0.70704
-0.67405
0.13928
0.050653
1.2365
0.6527
0.42733
1.1389
0.52752
0.0094543
0.12966
-0.33268
-0.41709
-0.49698
-0.42487
-0.44846
-2.5075
-2.1956
-0.68366
-1.7798
-2.907
-3.775
-1.9433
1.0164
2.5944
3.7465
2.8905
2.3094
1.9963
2.4232
7.0446
7.5089
7.6358
7.6587
6.769
8.2935
7.6374
2.976
3.3202
1.8861
2.4979
2.4562
4.3406
4.8615
5.4135
6.6529
3.0139
2.2617
3.2696
3.2617
7.1133
6.9717
7.0589
7.5155
8.5221
9.3271
9.7858
9.5908
9.3859
9.438
9.6615
9.4656
8.8011
8.8309
9.2862
9.8829
9.9832
9.5164
9.6781
7.688
7.3805
7.6707
7.827
7.7717
7.6517
7.6412
7.445
7.8102
7.9178
7.7191
8.4959
8.3225
7.7927
8.2222
8.2039
8.1776
8.2051
8.2445
7.8573
7.0781
7.4959
7.7307
7.5451
7.5275
7.0622
7.3592
7.247
7.4483
7.4772
7.8368
8.0341
2.0517
1.5936
1.0256
1.4207
1.9079
2.5291
5.385
8.3351
8.1408
8.3892
8.3391
8.7614
8.7687
8.0541
8.0848
7.9176
7.84
7.8198
7.8651
7.4104
7.4871
7.3686
7.1988
6.7762
6.0699
5.7491
6.3635
6.808
6.6686
6.0274
4.2194
4.2304
5.3659
5.7927
6.1161
6.1696
5.8211
6.065
6.3242
6.1812
5.3157
4.7602
4.6603
4.7118
3.77
4.553
5.085
4.5539
5.1941
5.7355
5.8955
5.2633
4.9931
4.9742
4.245
3.9638
2.4895
1.9307
1.5384
1.4063
2.7858
3.1314
2.761
3.772
4.4855
4.246
3.912
3.8322
3.1587
2.4212
1.8974
3.1735
3.6512
3.5727
-1.04
-4.8022
-5.3457
-4.3648
-2.8206
-3.4933
-5.0722
-3.3863
-3.3305
-3.9203
-3.8821
-4.7742
-5.3157
-5.7625
-6.4601
-5.9428
-1.8447
-0.60807
-0.94172
-1.3855
-4.4963
-5.1915
-3.728
-2.4593
-2.5154
-5.8232
-6.1743
-5.9154
-4.9864
-4.2421
-4.9867
-5.9132
-5.6513
-6.1747
-4.0605
-5.6043
-7.0765
-5.8402
-7.478
-7.6411
-6.6858
-6.792
-6.8489
-6.5935
-8.3687
-7.7663
-4.6705
-9.8744
-11.535
-8.0699
-4.7666
-10.295
-7.5581
-6.9291
-7.0509
-7.9025
-9.6188
-9.7231
-8.7973
-6.0248
-4.7448
-6.1753
-10.482
-11.906
-8.9304
-7.3427
-7.2241
-8.353
-9.9378
-8.696
-9.4722
-7.8264
-8.93
-8.3398
-8.0671
-8.0974
-8.273
-5.7836
-7.2347
-6.4444
-5.7198
-10.874
-13.567
-11.416
-12.247
-13.464
-14.281
-12.832
-11.321
-10.333
-10.255
-10.827
-12.74
-12.915
-13.352
-13.37
-12.502
-11.735
-10.515
-10.688
-12.117
-13.017
-11.972
-10.637
-11.591
-13.368
-13.759
-16.095
-14.839
-12.397
-10.94
-9.8771
-10.724
-10.579
-9.8101
-10.913
-11.217
-11.846
-10.475
-10.565
-10.871
-10.591
-9.8041
-10.233
-8.979
-9.2066
-8.6013
-9.6346
-9.4265
-7.8294
-6.5997
-5.5386
-4.2928
-4.8337
-6.543
-7.9119
-6.2568
-5.0165
-5.5353
-8.3733
-11.843
-10.75
-10.223
-9.4514
-8.2686
-7.2544
-7.2566
-5.831
-5.2078
-6.0963
-5.8681
-4.105
-5.5006
-7.4294
-8.4172
-7.4805
-5.3689
-4.0046
-3.192
-3.4903
-3.2276
-2.4735
-3.0689
-2.727
-2.0249
-2.3905
-2.8389
-4.6264
-4.0034
-3.625
-2.7868
-3.2943
-4.847
-4.8073
-4.8426
-4.2834
-4.2825
-3.3158
-3.1107
-2.4095
-2.806
-0.94242
-1.554
-1.826
-2.4432
-3.0023
-1.8369
-0.013129
0.042627
-0.93146
-1.8168
-3.1214
-3.9268
-3.5414
-2.0272
-1.9996
-3.6279
-2.0901
0.61233
-0.068976
-0.030066
0.5577
1.3827
1.4256
1.8126
2.2951
2.6561
3.1583
2.9958
3.5859
3.71
3.668
2.8173
2.2815
3.8702
3.8422
4.3494
4.1692
3.603
3.8515
3.2849
3.7182
4.2782
3.9575
3.3954
3.5411
4.5352
5.2815
4.7639
4.4023
3.9401
4.822
5.7215
6.7129
6.217
5.2685
5.9903
6.9773
6.5625
6.6759
6.8197
5.684
5.8404
6.4574
6.7136
6.825
6.682
7.4072
7.8534
7.779
8.4566
8.828
9.0476
8.9106
8.7045
8.7791
8.2174
7.9644
8.0461
7.4774
7.0567
8.1561
8.7777
8.3868
8.4074
8.5612
7.6711
7.6742
6.4945
6.4756
7.9223
8.7183
8.2766
7.7636
7.2984
7.641
7.1709
6.9834
7.4216
7.3596
7.3192
7.753
7.5404
6.4818
7.3291
7.297
6.6879
7.1168
7.6151
7.4112
5.9495
5.4823
6.7742
7.3074
7.4086
7.2209
7.4105
7.2745
7.0112
6.9935
7.1094
7.1727
6.9961
7.0731
7.4213
7.5901
7.4617
7.7086
7.8644
8.2013
7.7985
7.0169
6.1735
6.3122
6.0261
5.8548
6.1282
6.6023
6.8898
6.8179
7.0384
7.1846
6.8621
6.1037
5.9624
6.4169
6.1772
5.4622
5.1491
5.0121
5.4176
5.4698
6.1289
6.3463
6.1848
5.6653
5.9839
5.5985
5.766
5.9373
6.116
7.0825
6.9871
6.4119
5.8416
5.2428
4.2063
3.4594
3.3084
4.0392
5.2698
3.5146
2.3231
0.99658
0.63113
0.92718
1.3867
1.3661
1.3523
1.273
0.91009
0.311
0.14449
0.23608
0.059534
-0.014258
-0.92289
-0.71015
-1.1788
-0.85963
-0.92554
-2.3218
-3.0808
-3.55
-2.7384
-2.5162
-2.799
-3.2652
-3.4607
-2.4722
-1.8816
-3.0172
-3.5532
-3.5633
-5.0392
-6.1792
-6.078
-6.78
-6.4517
-5.6367
-5.9012
-5.756
-6.7646
-5.1698
-3.6648
-3.5274
-4.3492
-4.9886
-5.4496
-5.5383
-4.1437
-3.6079
-2.8931
-3.2348
-3.9602
-3.3337
-3.8563
-3.679
-6.4497
-4.5976
-4.3304
-4.9737
-5.5108
-6.7975
-8.501
-7.5909
-6.046
-4.8271
-5.6185
-6.7896
-7.1442
-7.6713
-7.8428
-8.2069
-10.197
-12.526
-12.535
-10.932
-11.984
-12.464
-10.769
-12.391
-13.103
-11.262
-10.895
-11.897
-11.456
-7.3463
-5.432
-5.5913
-7.1015
-6.3534
-8.1163
-3.604
-7.4564
-7.1722
-6.6154
-7.1353
-6.7851
-9.3666
-7.5568
-8.8751
-9.6909
-7.6534
-7.3315
-9.8171
-10.275
-8.2106
-9.652
-7.7839
-8.8952
-6.3121
-8.6775
-11.229
-11.164
-9.737
-10.882
-9.6369
-9.2325
-9.0408
-8.2046
-7.6931
-7.5571
-8.0535
-14.65
-14.46
-15.38
-11.922
-10.954
-10.782
-11.631
-11.17
-11.852
-14.121
-14.898
-14.483
-12.669
-11.993
-8.4277
-8.259
-7.4632
-5.1534
-3.0255
-3.3532
-5.9257
-7.8538
-7.9613
-8.6223
-7.6169
-6.6968
-7.2761
-7.6479
-7.133
-5.353
-4.526
-3.7182
-3.8015
-3.7897
-4.5092
-3.9421
-7.7311
-6.8161
-6.9497
-8.1305
-2.5323
-2.4742
-5.3171
-5.2832
-5.0083
-3.9489
-2.2559
-2.57
-2.507
-3.857
-4.0421
-2.496
-0.58555
1.7166
1.4723
-0.23936
-2.2706
-1.0104
-5.0585
-5.6559
-4.6278
-3.7544
1.8048
2.0337
1.127
0.17294
0.24136
-0.47898
-0.083899
1.2911
0.7344
-0.087195
-0.30616
-0.63648
0.77792
0.71197
1.7872
1.9483
2.3631
1.4248
0.78237
0.70764
-0.13483
-1.5887
-0.78739
1.0669
1.772
0.47091
0.32067
0.60763
1.7096
1.968
1.918
1.7074
1.1797
1.4108
1.4773
2.1524
2.8628
3.5731
4.2151
3.3632
2.7847
4.4785
3.3616
3.4673
3.1489
4.2267
3.8322
3.5936
3.9183
4.3406
4.7685
3.5785
1.4278
1.2913
2.4545
2.6857
2.267
2.9303
1.7736
3.2213
5.1305
6.0185
6.0542
6.0182
6.3176
5.6501
5.0531
5.4853
6.5374
7.0339
6.9925
6.8398
7.4208
7.7319
7.4829
7.2981
7.3839
7.5551
7.7146
7.2789
7.4093
8.3268
7.6628
7.4744
8.3205
8.1336
7.8956
8.428
8.6356
6.819
6.8803
6.9055
7.4557
7.2585
6.7514
7.1561
7.4689
7.9649
7.6319
7.3701
7.3852
8.0487
7.499
7.5492
6.8621
7.1097
7.267
7.533
7.6048
7.095
6.3126
5.7674
6.2568
6.5537
6.3454
6.2382
6.3187
6.051
5.9824
6.2878
7.2237
6.8957
7.0349
8.7374
8.3731
7.9679
7.7263
7.868
7.8307
8.2755
8.388
8.5121
8.547
8.1201
8.0771
7.9926
7.4235
7.4524
7.9802
8.2515
8.1799
7.2593
7.7782
7.1577
7.5247
6.9357
7.1797
7.6747
8.198
7.6016
7.038
8.3824
8.5148
8.2699
7.8852
7.5927
7.5179
7.4746
8.0368
8.3449
7.9004
7.553
6.3578
6.376
7.0063
7.2019
7.5075
7.1544
7.1398
7.5031
7.3374
6.0581
6.3195
6.1467
5.6333
4.5893
5.4801
6.1493
5.8633
5.8616
6.6781
4.613
3.709
3.8193
3.253
2.7922
3.2366
2.7305
2.3467
1.8361
1.5073
1.2246
0.66915
0.16772
-0.40092
0.89828
0.43163
0.3012
0.20696
-0.74384
-0.40443
-0.18857
-1.7757
-1.4386
-0.87256
-1.3264
-3.1253
-3.6675
-2.5594
-3.4311
-3.042
-2.4429
-5.2345
-5.1788
-5.3351
-6.0834
-6.8798
-7.6654
-7.3982
-6.7026
-5.6286
-4.9327
-5.506
-6.8522
-8.1339
-8.4565
-8.5878
-9.0237
-8.0429
-7.8877
-8.024
-7.6
-6.7961
-6.4517
-6.8705
-7.0545
-6.6898
-5.6362
-6.8882
-7.6861
-7.2323
-7.7642
-8.1914
-9.3265
-9.1531
-5.9961
-5.7646
-6.5738
-5.3762
-5.769
-6.5243
-6.165
-6.5092
-7.6042
-8.0152
-9.2583
-8.1187
-7.7344
-7.8071
-9.4259
-8.395
-6.5487
-5.3879
-6.7957
-8.3365
-10.363
-11.522
-13.691
-11.288
-9.5723
-9.2282
-9.9473
-11.418
