6623
6626
6627
6628
6629
6781
6782
6783
6784
6785
6786
6787
6788
6789
6790
6939
6940
6941
6942
6943
6944
6945
6946
6947
6948
6949
7088
7089
7090
7094
7095
7096
7098
7099
7100
7101
7102
7103
7104
7105
7106
7107
7108
7248
7249
7250
7251
7252
7253
7254
7255
7256
7257
7258
7259
7260
7261
7262
7263
7264
7265
7410
7411
7412
7413
7414
7415
7416
7417
7418
7419
7420
7421
7572
7573
7574
7575
7576
7577
7578
7579
7580
7731
7732
7733
7734
7735
7736
7737
7738
7739
7740
7891
7892
7893
7894
7895
7896
7897
7898
7899
8051
8052
8053
8054
8055
8056
8058
8212
8213
8214
8215
8372
8373
8374