ncols         25
nrows         14
xllcorner     76.5
yllcorner     30
cellsize      0.25
NODATA_value  0
0.0000 0.0000 0.0000 0.0000 0.0000 0.0000 0.0000 0.0000 0.0000 0.0000 0.0000 0.0000 0.0000 0.0000 0.0000 0.0000 0.0000 0.0000 0.0000 0.0000 0.0000 0.0000 0.0000 0.0000 0.0000
0.0000 0.0000 0.0000 0.0000 0.0000 0.0391 0.5377 0.5012 0.0000 0.0000 0.0000 0.0000 0.0000 0.0000 0.0000 0.0000 0.0000 0.0000 0.0000 0.0000 0.0000 0.0000 0.0000 0.0000 0.0000
0.0000 0.0000 0.0000 0.0000 0.0000 0.3135 1.0000 0.9516 0.3592 0.0000 0.0000 0.0000 0.0000 0.0000 0.0000 0.0000 0.0000 0.0000 0.0000 0.0000 0.0000 0.0000 0.0000 0.0000 0.0000
0.0000 0.0000 0.0000 0.0000 0.2585 0.3685 1.0000 1.0000 0.9688 0.0468 0.0161 0.1080 0.0000 0.0000 0.0000 0.0000 0.0000 0.0000 0.0000 0.0000 0.0000 0.0000 0.0000 0.0000 0.0000
0.0000 0.0000 0.0000 0.0000 0.2636 0.9966 1.0000 1.0000 1.0000 0.6301 0.7623 0.9887 0.3066 0.0000 0.0000 0.0000 0.0000 0.0000 0.0000 0.0000 0.0000 0.0000 0.0000 0.0000 0.0000
0.0000 0.0000 0.0000 0.0000 0.0336 0.9103 1.0000 1.0000 1.0000 1.0000 1.0000 1.0000 0.9914 0.2092 0.0000 0.0000 0.0000 0.0000 0.0000 0.0000 0.0000 0.0000 0.0000 0.0000 0.0000
0.0000 0.0000 0.0000 0.0000 0.0000 0.7202 1.0000 1.0000 1.0000 1.0000 1.0000 1.0000 1.0000 0.6536 0.0000 0.0000 0.0000 0.0000 0.0000 0.0000 0.0000 0.0000 0.0000 0.0000 0.0000
0.0000 0.0000 0.0000 0.1460 0.6256 0.9968 1.0000 1.0000 1.0000 1.0000 1.0000 1.0000 1.0000 0.9514 0.2166 0.0000 0.0000 0.0000 0.0000 0.0000 0.0000 0.0000 0.0000 0.0000 0.0000
0.0000 0.1957 0.8074 0.9947 0.9011 0.5478 0.4801 0.8918 1.0000 0.7804 0.4109 1.0000 1.0000 1.0000 0.8962 0.4184 0.4298 0.3221 0.1448 0.0000 0.0000 0.0000 0.0000 0.0000 0.0000
0.0000 0.0245 0.4918 0.3244 0.0052 0.0000 0.0000 0.0303 0.1863 0.0677 0.0000 0.5258 0.9936 0.9994 1.0000 1.0000 1.0000 1.0000 0.8879 0.6672 0.3570 0.0364 0.0000 0.0000 0.0000
0.0000 0.0000 0.0000 0.0000 0.0000 0.0000 0.0000 0.0000 0.0000 0.0000 0.0000 0.0000 0.1221 0.2467 0.7936 1.0000 1.0000 1.0000 1.0000 1.0000 1.0000 0.8115 0.3139 0.0023 0.0000
0.0000 0.0000 0.0000 0.0000 0.0000 0.0000 0.0000 0.0000 0.0000 0.0000 0.0000 0.0000 0.0000 0.0000 0.0797 0.8813 0.6731 0.4426 0.6755 0.9710 1.0000 1.0000 0.8643 0.4873 0.0000
0.0000 0.0000 0.0000 0.0000 0.0000 0.0000 0.0000 0.0000 0.0000 0.0000 0.0000 0.0000 0.0000 0.0000 0.0000 0.0070 0.1008 0.0000 0.0000 0.2045 0.3501 0.5442 0.0585 0.0000 0.0000
0.0000 0.0000 0.0000 0.0000 0.0000 0.0000 0.0000 0.0000 0.0000 0.0000 0.0000 0.0000 0.0000 0.0000 0.0000 0.0000 0.0000 0.0000 0.0000 0.0000 0.0000 0.0000 0.0000 0.0000 0.0000
